BumpId,Flag,Failure,Diameter,Area,Roundness,VoidFraction,LargestVoidFraction,VoidNumber,Centre_X,Centre_Y,LargestVoidDiameterFraction
287,1,0,20.3495,325.2360,92.8329,0.0000,0.0000,0,134.8030,-2.3935,0.0000
292,1,0,20.7422,337.9080,96.6660,0.0000,0.0000,0,136.8430,-2.4322,0.0000
293,1,0,20.1236,318.0560,95.8566,0.0000,0.0000,0,135.3360,-2.4395,0.0000
294,1,0,20.0835,316.7890,92.5227,0.0000,0.0000,0,135.3840,-2.4393,0.0000
295,1,0,20.5729,332.4170,97.5587,0.0000,0.0000,0,135.5960,-2.4389,0.0000
296,1,0,20.5729,332.4170,88.1969,0.0000,0.0000,0,135.6440,-2.4384,0.0000
297,1,0,20.5206,330.7270,97.0548,0.0000,0.0000,0,136.5340,-2.4333,0.0000
298,1,0,20.4944,329.8820,94.2437,0.0000,0.0000,0,136.5820,-2.4333,0.0000
299,1,0,21.1402,351.0020,92.7598,0.0000,0.0000,0,136.7950,-2.4324,0.0000
337,1,0,20.6121,333.6840,98.9400,0.0000,0.0000,0,134.9660,-2.4533,0.0000
338,1,0,19.9627,312.9870,99.2184,0.0000,0.0000,0,135.1660,-2.4526,0.0000
339,1,0,20.6382,334.5290,96.5715,0.0000,0.0000,0,136.1630,-2.4478,0.0000
340,1,0,20.2966,323.5470,93.8533,0.0000,0.0000,0,136.3630,-2.4471,0.0000
367,1,0,20.7810,339.1750,98.5084,0.0000,0.0000,0,134.9660,-2.5312,0.0000
368,1,0,20.7422,337.9080,94.5381,0.0000,0.0000,0,135.1650,-2.5304,0.0000
369,1,0,20.2834,323.1240,91.8301,0.0000,0.0000,0,136.1640,-2.5258,0.0000
373,1,0,20.5991,333.2620,98.6047,0.0000,0.0000,0,136.3630,-2.5251,0.0000
374,1,0,20.6512,334.9510,96.7009,0.0000,0.0000,0,137.0530,-2.5275,0.0000
375,1,0,20.1504,318.9010,94.6543,0.0000,0.0000,0,137.1060,-2.5275,0.0000
380,1,0,21.0254,347.2000,91.1973,0.0000,0.0000,0,135.8530,-2.5338,0.0000
381,1,0,20.8843,342.5540,90.4146,0.0000,0.0000,0,135.9070,-2.5335,0.0000
435,1,0,20.3627,325.6590,96.1075,0.0000,0.0000,0,134.8030,-2.5648,0.0000
441,1,0,20.4944,329.8820,94.2095,0.0000,0.0000,0,134.9660,-2.5984,0.0000
442,1,0,20.1504,318.9010,95.0411,0.0000,0.0000,0,136.1640,-2.5930,0.0000
468,1,0,20.5860,332.8390,91.3175,0.0000,0.0000,0,134.9670,-2.6762,0.0000
469,1,0,20.4944,329.8820,95.1406,0.0000,0.0000,0,136.1640,-2.6712,0.0000
497,1,0,20.4813,329.4600,91.2005,0.0000,0.0000,0,134.8040,-2.7184,0.0000
500,1,0,20.5599,331.9940,96.1824,0.0000,0.0000,0,135.7920,-2.7194,0.0000
501,1,0,20.8972,342.9760,96.2872,0.0000,0.0000,0,135.8400,-2.7194,0.0000
502,1,0,20.2568,322.2800,96.4620,0.0000,0.0000,0,135.9220,-2.7192,0.0000
503,1,0,20.6642,335.3740,93.7634,0.0000,0.0000,0,135.9700,-2.7182,0.0000
504,1,0,20.1236,318.0560,93.5713,0.0000,0.0000,0,136.9910,-2.7135,0.0000
505,1,0,20.8714,342.1320,93.3365,0.0000,0.0000,0,137.0390,-2.7136,0.0000
506,1,0,20.3759,326.0810,91.0223,0.0000,0.0000,0,137.1220,-2.7131,0.0000
535,1,0,20.3231,324.3920,96.1895,0.0000,0.0000,0,134.9670,-2.7481,0.0000
536,1,0,20.1770,319.7450,95.7156,0.0000,0.0000,0,135.1670,-2.7474,0.0000
537,1,0,20.6772,335.7960,96.3571,0.0000,0.0000,0,136.1640,-2.7428,0.0000
538,1,0,20.2170,321.0120,94.4614,0.0000,0.0000,0,136.3640,-2.7416,0.0000
547,1,0,20.0567,315.9440,94.6697,0.0000,0.0000,0,135.2960,-2.7669,0.0000
548,1,0,19.9896,313.8320,96.7956,0.0000,0.0000,0,135.6860,-2.7654,0.0000
549,1,0,20.2170,321.0120,92.2292,0.0000,0.0000,0,136.4940,-2.7614,0.0000
550,1,0,20.0165,314.6770,97.5941,0.0000,0.0000,0,136.8850,-2.7598,0.0000
575,1,0,20.8456,341.2870,93.7222,0.0000,0.0000,0,135.9670,-2.7936,0.0000
591,1,0,20.4023,326.9260,93.3052,0.0000,0.0000,0,134.9670,-2.8266,0.0000
592,1,0,20.3099,323.9690,97.0939,0.0000,0.0000,0,135.1670,-2.8261,0.0000
593,1,0,20.3759,326.0810,94.8330,0.0000,0.0000,0,136.1650,-2.8206,0.0000
594,1,0,19.8411,309.1860,97.9703,0.0000,0.0000,0,136.3650,-2.8199,0.0000
596,1,0,20.8327,340.8650,96.4634,0.0000,0.0000,0,136.6010,-2.8257,0.0000
597,1,0,20.7681,338.7530,93.6385,0.0000,0.0000,0,136.6490,-2.8253,0.0000
598,1,0,20.7940,339.5970,91.1066,0.0000,0.0000,0,136.7310,-2.8250,0.0000
599,1,0,20.2966,323.5470,95.7243,0.0000,0.0000,0,136.7790,-2.8249,0.0000
600,1,0,20.1370,318.4780,97.2504,0.0000,0.0000,0,135.4030,-2.8310,0.0000
601,1,0,20.4155,327.3480,97.7862,0.0000,0.0000,0,135.4510,-2.8310,0.0000
602,1,0,20.8585,341.7090,96.3570,0.0000,0.0000,0,135.5330,-2.8309,0.0000
603,1,0,20.3363,324.8140,98.0714,0.0000,0.0000,0,135.5800,-2.8303,0.0000
604,1,0,20.5075,330.3050,98.8464,0.0000,0.0000,0,135.9280,-2.8331,0.0000
605,1,0,20.4418,328.1930,93.8063,0.0000,0.0000,0,136.0060,-2.8323,0.0000
656,1,0,20.2435,321.8570,94.6228,0.0000,0.0000,0,135.2970,-2.8448,0.0000
657,1,0,20.6512,334.9510,98.6808,0.0000,0.0000,0,135.6860,-2.8434,0.0000
658,1,0,20.0835,316.7890,97.2443,0.0000,0.0000,0,136.4950,-2.8394,0.0000
659,1,0,20.6382,334.5290,96.8071,0.0000,0.0000,0,136.8850,-2.8382,0.0000
694,1,0,20.1903,320.1680,96.7187,0.0000,0.0000,0,135.9670,-2.8716,0.0000
700,1,0,20.2701,322.7020,95.9648,0.0000,0.0000,0,134.9560,-2.8918,0.0000
701,1,0,20.7292,337.4850,97.4905,0.0000,0.0000,0,136.1520,-2.8863,0.0000
702,1,0,20.5729,332.4170,96.0242,0.0000,0.0000,0,135.2960,-2.8971,0.0000
703,1,0,20.4155,327.3480,94.1321,0.0000,0.0000,0,135.4080,-2.8964,0.0000
704,1,0,20.8198,340.4420,97.8830,0.0000,0.0000,0,135.4550,-2.8964,0.0000
705,1,0,20.7292,337.4850,95.9020,0.0000,0.0000,0,135.5280,-2.8957,0.0000
706,1,0,20.6772,335.7960,98.2756,0.0000,0.0000,0,135.5760,-2.8957,0.0000
707,1,0,20.3099,323.9690,99.3563,0.0000,0.0000,0,135.6870,-2.8952,0.0000
708,1,0,21.0254,347.2000,97.4899,0.0000,0.0000,0,135.8670,-2.8945,0.0000
709,1,0,20.3495,325.2360,93.7424,0.0000,0.0000,0,136.4950,-2.8912,0.0000
710,1,0,20.2834,323.1240,98.5779,0.0000,0.0000,0,136.6060,-2.8907,0.0000
711,1,0,20.1103,317.6330,94.1128,0.0000,0.0000,0,136.6540,-2.8908,0.0000
712,1,0,20.7032,336.6410,96.9330,0.0000,0.0000,0,136.7260,-2.8902,0.0000
713,1,0,20.5337,331.1500,94.6645,0.0000,0.0000,0,136.7740,-2.8903,0.0000
714,1,0,20.9357,344.2440,93.4097,0.0000,0.0000,0,136.8860,-2.8897,0.0000
715,1,0,20.4023,326.9260,96.2394,0.0000,0.0000,0,137.1040,-2.8882,0.0000
732,1,0,20.7422,337.9080,97.4969,0.0000,0.0000,0,134.7550,-2.9045,0.0000
786,1,0,20.4287,327.7710,96.4226,0.0000,0.0000,0,135.0290,-2.9181,0.0000
787,1,0,20.2303,321.4350,94.1332,0.0000,0.0000,0,135.1400,-2.9176,0.0000
788,1,0,20.0433,315.5210,91.6351,0.0000,0.0000,0,136.2260,-2.9128,0.0000
789,1,0,20.3363,324.8140,97.5724,0.0000,0.0000,0,136.3380,-2.9120,0.0000
798,1,0,20.3495,325.2360,95.0457,0.0000,0.0000,0,135.8280,-2.9338,0.0000
799,1,0,20.4418,328.1930,93.2893,0.0000,0.0000,0,135.9060,-2.9337,0.0000
800,1,0,20.4287,327.7710,96.5145,0.0000,0.0000,0,137.0650,-2.9277,0.0000
834,1,0,20.1370,318.4780,93.0856,0.0000,0.0000,0,134.8420,-2.9668,0.0000
835,1,0,21.0254,347.2000,92.4369,0.0000,0.0000,0,135.5760,-2.9737,0.0000
836,1,0,20.9100,343.3990,97.5620,0.0000,0.0000,0,136.6060,-2.9691,0.0000
837,1,0,20.6902,336.2180,96.4319,0.0000,0.0000,0,136.6540,-2.9686,0.0000
838,1,0,20.6382,334.5290,98.0613,0.0000,0.0000,0,136.7270,-2.9687,0.0000
839,1,0,20.2303,321.4350,91.7219,0.0000,0.0000,0,136.7750,-2.9682,0.0000
840,1,0,20.9229,343.8210,98.4390,0.0000,0.0000,0,136.8860,-2.9674,0.0000
841,1,0,20.5337,331.1500,94.9948,0.0000,0.0000,0,137.1040,-2.9666,0.0000
848,1,0,20.5991,333.2620,97.1104,0.0000,0.0000,0,135.2980,-2.9752,0.0000
849,1,0,20.2435,321.8570,98.4234,0.0000,0.0000,0,135.4080,-2.9746,0.0000
850,1,0,20.6382,334.5290,98.9787,0.0000,0.0000,0,135.4560,-2.9740,0.0000
851,1,0,20.7551,338.3300,95.6214,0.0000,0.0000,0,135.5280,-2.9741,0.0000
852,1,0,20.7810,339.1750,97.1495,0.0000,0.0000,0,135.6870,-2.9735,0.0000
853,1,0,21.3680,358.6050,92.6056,0.0000,0.0000,0,135.8670,-2.9724,0.0000
854,1,0,20.4813,329.4600,96.9316,0.0000,0.0000,0,136.4950,-2.9692,0.0000
913,1,0,19.6367,302.8500,90.6101,0.0000,0.0000,0,137.0040,-2.9888,0.0000
926,1,0,20.9742,345.5110,91.2399,0.0000,0.0000,0,135.9670,-2.9936,0.0000
935,1,0,20.1903,320.1680,92.5338,0.0000,0.0000,0,134.8040,-3.0058,0.0000
936,1,0,20.5337,331.1500,95.2229,0.0000,0.0000,0,134.8820,-3.0054,0.0000
937,1,0,19.6367,302.8500,90.6101,0.0000,0.0000,0,137.0040,-2.9888,0.0000
938,1,0,20.8843,342.5540,93.8621,0.0000,0.0000,0,137.0430,-3.0281,0.0000
939,1,0,20.7162,337.0630,96.8621,0.0000,0.0000,0,135.9290,-3.0335,0.0000
940,1,0,21.4684,361.9840,96.9487,0.0000,0.0000,0,136.0060,-3.0328,0.0000
977,1,0,19.6093,302.0050,91.0261,0.0000,0.0000,0,134.8430,-3.0448,0.0000
980,1,0,21.5808,365.7850,96.8142,0.0000,0.0000,0,135.9680,-3.0716,0.0000
981,1,0,20.2170,321.0120,89.7155,0.0000,0.0000,0,137.0040,-3.0676,0.0000
1000,1,0,20.2170,321.0120,93.2448,0.0000,0.0000,0,135.2680,-3.0972,0.0000
1001,1,0,20.8714,342.1320,94.9576,0.0000,0.0000,0,135.4680,-3.0965,0.0000
1002,1,0,21.2417,354.3810,98.0255,0.0000,0.0000,0,135.6680,-3.0955,0.0000
1003,1,0,21.7669,372.1210,92.6356,0.0000,0.0000,0,135.8680,-3.0950,0.0000
1004,1,0,20.8198,340.4420,98.6295,0.0000,0.0000,0,136.5030,-3.0916,0.0000
1005,1,0,20.8972,342.9760,97.6057,0.0000,0.0000,0,136.7030,-3.0905,0.0000
1006,1,0,20.6902,336.2180,93.7415,0.0000,0.0000,0,136.9040,-3.0899,0.0000
1007,1,0,20.4023,326.9260,96.3115,0.0000,0.0000,0,137.1050,-3.0891,0.0000
1040,1,0,19.7460,306.2290,93.1979,0.0000,0.0000,0,134.7560,-3.1045,0.0000
1042,1,0,20.4813,329.4600,94.1220,0.0000,0.0000,0,135.2290,-3.1364,0.0000
1043,1,0,20.9742,345.5110,92.1007,0.0000,0.0000,0,135.3070,-3.1357,0.0000
1044,1,0,20.3759,326.0810,98.1782,0.0000,0.0000,0,135.4290,-3.1356,0.0000
1045,1,0,20.8456,341.2870,98.7861,0.0000,0.0000,0,135.5060,-3.1351,0.0000
1046,1,0,20.8069,340.0200,94.9669,0.0000,0.0000,0,135.6290,-3.1345,0.0000
1047,1,0,21.5933,366.2080,97.7763,0.0000,0.0000,0,135.7070,-3.1345,0.0000
1048,1,0,21.6679,368.7420,93.5858,0.0000,0.0000,0,135.8290,-3.1338,0.0000
1049,1,0,21.7175,370.4310,97.6331,0.0000,0.0000,0,135.9070,-3.1338,0.0000
1050,1,0,21.0126,346.7780,90.2716,0.0000,0.0000,0,136.4640,-3.1304,0.0000
1051,1,0,20.3627,325.6590,99.0224,0.0000,0.0000,0,136.5420,-3.1305,0.0000
1052,1,0,20.4155,327.3480,94.6117,0.0000,0.0000,0,136.6650,-3.1300,0.0000
1053,1,0,20.0030,314.2540,90.6473,0.0000,0.0000,0,136.7430,-3.1292,0.0000
1054,1,0,20.8069,340.0200,97.6004,0.0000,0.0000,0,136.8650,-3.1291,0.0000
1055,1,0,20.4287,327.7710,91.9416,0.0000,0.0000,0,136.9430,-3.1288,0.0000
1056,1,0,20.4155,327.3480,93.9103,0.0000,0.0000,0,137.0660,-3.1280,0.0000
1142,1,0,20.3891,326.5030,96.4906,0.0000,0.0000,0,135.2680,-3.1750,0.0000
1143,1,0,22.3400,391.9730,93.8530,0.0000,0.0000,0,135.8680,-3.1726,0.0000
1144,1,0,20.9100,343.3990,95.5652,0.0000,0.0000,0,136.5040,-3.1693,0.0000
1145,1,0,20.9998,346.3560,98.9007,0.0000,0.0000,0,136.7030,-3.1687,0.0000
1146,1,0,20.6772,335.7960,95.9244,0.0000,0.0000,0,136.9050,-3.1676,0.0000
1147,1,0,20.4550,328.6150,98.0170,0.0000,0.0000,0,137.1050,-3.1670,0.0000
1157,1,0,20.2037,320.5900,96.9942,0.0000,0.0000,0,135.4680,-3.1743,0.0000
1158,1,0,21.8040,373.3880,95.4258,0.0000,0.0000,0,135.6680,-3.1736,0.0000
1194,1,0,20.9998,346.3560,98.9007,0.0000,0.0000,0,136.7030,-3.1687,0.0000
1195,1,0,20.6772,335.7960,95.9244,0.0000,0.0000,0,136.9050,-3.1676,0.0000
1196,1,0,20.7422,337.9080,96.3857,0.0000,0.0000,0,135.3680,-3.1970,0.0000
1197,1,0,20.9100,343.3990,94.5579,0.0000,0.0000,0,135.5680,-3.1958,0.0000
1198,1,0,22.3761,393.2400,92.6873,0.0000,0.0000,0,135.7680,-3.1957,0.0000
1199,1,0,22.3280,391.5510,99.3212,0.0000,0.0000,0,135.9680,-3.1934,0.0000
1200,1,0,20.7551,338.3300,98.9568,0.0000,0.0000,0,136.6040,-3.1911,0.0000
1201,1,0,20.2303,321.4350,97.2428,0.0000,0.0000,0,136.8040,-3.1903,0.0000
1202,1,0,21.0765,348.8900,98.4954,0.0000,0.0000,0,137.0050,-3.1893,0.0000
1233,1,0,20.3759,326.0810,97.4185,0.0000,0.0000,0,135.0480,-3.2088,0.0000
1234,1,0,21.8778,375.9220,96.4667,0.0000,0.0000,0,136.2460,-3.2035,0.0000
1241,1,0,20.3891,326.5030,98.7840,0.0000,0.0000,0,134.7570,-3.2203,0.0000
1247,1,0,20.7681,338.7530,93.1881,0.0000,0.0000,0,136.6430,-3.2300,0.0000
1248,1,0,20.8198,340.4420,95.1796,0.0000,0.0000,0,136.7650,-3.2297,0.0000
1249,1,0,20.8327,340.8650,91.4690,0.0000,0.0000,0,136.8430,-3.2291,0.0000
1250,1,0,20.6252,334.1060,96.4625,0.0000,0.0000,0,136.9650,-3.2284,0.0000
1251,1,0,20.5206,330.7270,92.5022,0.0000,0.0000,0,137.0440,-3.2282,0.0000
1259,1,0,20.3363,324.8140,93.1128,0.0000,0.0000,0,135.3290,-3.2357,0.0000
1260,1,0,20.8069,340.0200,95.8797,0.0000,0.0000,0,135.4070,-3.2359,0.0000
1261,1,0,20.9614,345.0880,96.2112,0.0000,0.0000,0,135.5300,-3.2350,0.0000
1262,1,0,21.8532,375.0780,93.5072,0.0000,0.0000,0,135.6070,-3.2348,0.0000
1263,1,0,21.9269,377.6120,94.8577,0.0000,0.0000,0,135.7300,-3.2346,0.0000
1264,1,0,21.9514,378.4570,96.8349,0.0000,0.0000,0,135.8070,-3.2340,0.0000
1265,1,0,21.9637,378.8790,96.8225,0.0000,0.0000,0,135.9290,-3.2338,0.0000
1266,1,0,22.0004,380.1460,95.4333,0.0000,0.0000,0,136.0070,-3.2327,0.0000
1267,1,0,21.0126,346.7780,96.1848,0.0000,0.0000,0,136.5650,-3.2302,0.0000
1332,1,0,20.7681,338.7530,93.1881,0.0000,0.0000,0,136.6430,-3.2300,0.0000
1334,1,0,20.4287,327.7710,94.3363,0.0000,0.0000,0,134.9440,-3.2670,0.0000
1335,1,0,20.4023,326.9260,95.1798,0.0000,0.0000,0,135.1530,-3.2664,0.0000
1336,1,0,21.9514,378.4570,97.8345,0.0000,0.0000,0,136.1410,-3.2616,0.0000
1337,1,0,22.3039,390.7060,96.9369,0.0000,0.0000,0,136.3510,-3.2609,0.0000
1341,1,0,20.8069,340.0200,97.5529,0.0000,0.0000,0,136.6040,-3.2689,0.0000
1342,1,0,20.2435,321.8570,97.9401,0.0000,0.0000,0,136.8050,-3.2681,0.0000
1343,1,0,20.3891,326.5030,97.7116,0.0000,0.0000,0,135.3680,-3.2750,0.0000
1344,1,0,21.8286,374.2330,98.7947,0.0000,0.0000,0,135.5680,-3.2741,0.0000
1345,1,0,22.2072,387.3270,96.4427,0.0000,0.0000,0,135.7690,-3.2729,0.0000
1346,1,0,22.2677,389.4390,98.6415,0.0000,0.0000,0,135.9690,-3.2718,0.0000
1347,1,0,20.0835,316.7890,96.0079,0.0000,0.0000,0,137.0050,-3.2675,0.0000
1389,1,0,20.8843,342.5540,99.1328,0.0000,0.0000,0,137.1050,-3.2894,0.0000
1390,1,0,20.2701,322.7020,93.9952,0.0000,0.0000,0,135.2680,-3.2975,0.0000
1391,1,0,21.1275,350.5790,93.5160,0.0000,0.0000,0,135.4680,-3.2966,0.0000
1392,1,0,22.2314,388.1720,95.8508,0.0000,0.0000,0,135.6680,-3.2958,0.0000
1393,1,0,21.8901,376.3450,96.5830,0.0000,0.0000,0,135.8690,-3.2949,0.0000
1394,1,0,20.2568,322.2800,96.0492,0.0000,0.0000,0,136.9040,-3.2902,0.0000
1423,1,0,20.8843,342.5540,99.1328,0.0000,0.0000,0,137.1050,-3.2894,0.0000
1436,1,0,21.0254,347.2000,97.2333,0.0000,0.0000,0,134.7570,-3.3303,0.0000
1441,1,0,20.6252,334.1060,97.9022,0.0000,0.0000,0,135.2300,-3.3364,0.0000
1442,1,0,20.6642,335.3740,96.9389,0.0000,0.0000,0,135.3080,-3.3363,0.0000
1443,1,0,21.0765,348.8900,97.0076,0.0000,0.0000,0,135.4300,-3.3356,0.0000
1444,1,0,21.8040,373.3880,93.7423,0.0000,0.0000,0,135.5080,-3.3355,0.0000
1445,1,0,21.7546,371.6990,93.8694,0.0000,0.0000,0,135.6290,-3.3349,0.0000
1446,1,0,21.9882,379.7240,98.9620,0.0000,0.0000,0,135.7070,-3.3343,0.0000
1447,1,0,21.5059,363.2510,95.6028,0.0000,0.0000,0,135.8300,-3.3338,0.0000
1448,1,0,21.3049,356.4930,93.2435,0.0000,0.0000,0,135.9080,-3.3333,0.0000
1449,1,0,21.8040,373.3880,94.2240,0.0000,0.0000,0,136.4650,-3.3309,0.0000
1450,1,0,21.5059,363.2510,92.8759,0.0000,0.0000,0,136.5430,-3.3307,0.0000
1451,1,0,20.4023,326.9260,92.3125,0.0000,0.0000,0,136.6660,-3.3297,0.0000
1452,1,0,20.1637,319.3230,96.5674,0.0000,0.0000,0,136.7440,-3.3293,0.0000
1453,1,0,20.2966,323.5470,91.1934,0.0000,0.0000,0,136.8660,-3.3294,0.0000
1454,1,0,19.9896,313.8320,94.7579,0.0000,0.0000,0,136.9440,-3.3289,0.0000
1455,1,0,20.7292,337.4850,97.2732,0.0000,0.0000,0,137.0660,-3.3282,0.0000
1519,1,0,20.1637,319.3230,97.5853,0.0000,0.0000,0,135.0490,-3.3418,0.0000
1520,1,0,21.9637,378.8790,94.7710,0.0000,0.0000,0,136.2460,-3.3362,0.0000
1521,1,0,20.2966,323.5470,91.1934,0.0000,0.0000,0,136.8660,-3.3294,0.0000
1522,1,0,20.1103,317.6330,94.1938,0.0000,0.0000,0,134.9450,-3.3451,0.0000
1523,1,0,20.2701,322.7020,97.1518,0.0000,0.0000,0,135.1540,-3.3440,0.0000
1524,1,0,21.3049,356.4930,96.8206,0.0000,0.0000,0,136.1410,-3.3398,0.0000
1525,1,0,22.6389,402.5330,94.4934,0.0000,0.0000,0,136.3510,-3.3389,0.0000
1544,1,0,20.4550,328.6150,94.3939,0.0000,0.0000,0,135.2690,-3.3751,0.0000
1545,1,0,21.3302,357.3370,96.5428,0.0000,0.0000,0,135.4690,-3.3748,0.0000
1546,1,0,21.8040,373.3880,95.5684,0.0000,0.0000,0,135.6690,-3.3734,0.0000
1547,1,0,21.7175,370.4310,95.0129,0.0000,0.0000,0,135.8690,-3.3727,0.0000
1548,1,0,21.5059,363.2510,93.2346,0.0000,0.0000,0,136.5040,-3.3696,0.0000
1549,1,0,20.7551,338.3300,97.9198,0.0000,0.0000,0,136.7050,-3.3691,0.0000
1550,1,0,20.6382,334.5290,93.6281,0.0000,0.0000,0,136.9050,-3.3682,0.0000
1551,1,0,20.0567,315.9440,91.2865,0.0000,0.0000,0,137.1050,-3.3672,0.0000
1583,1,0,20.6382,334.5290,93.6281,0.0000,0.0000,0,136.9050,-3.3682,0.0000
1588,1,0,21.5059,363.2510,97.8093,0.0000,0.0000,0,135.3690,-3.3966,0.0000
1589,1,0,21.5184,363.6730,95.2702,0.0000,0.0000,0,136.6040,-3.3917,0.0000
1599,1,0,21.7175,370.4310,96.0455,0.0000,0.0000,0,135.9690,-3.3940,0.0000
1626,1,0,20.0433,315.5210,92.9801,0.0000,0.0000,0,134.9440,-3.4170,0.0000
1627,1,0,20.1504,318.9010,86.1549,0.0000,0.0000,0,135.1550,-3.4165,0.0000
1628,1,0,21.3680,358.6050,97.2685,0.0000,0.0000,0,136.1410,-3.4115,0.0000
1629,1,0,22.1951,386.9040,95.7770,0.0000,0.0000,0,136.3520,-3.4104,0.0000
1637,1,0,21.4308,360.7170,95.9367,0.0000,0.0000,0,136.6430,-3.4306,0.0000
1638,1,0,20.6642,335.3740,98.0042,0.0000,0.0000,0,136.7660,-3.4302,0.0000
1639,1,0,19.9896,313.8320,92.2808,0.0000,0.0000,0,136.8440,-3.4294,0.0000
1640,1,0,20.5991,333.2620,93.6228,0.0000,0.0000,0,136.9670,-3.4285,0.0000
1641,1,0,20.4418,328.1930,97.0793,0.0000,0.0000,0,137.0450,-3.4287,0.0000
1646,1,0,21.1784,352.2690,99.3922,0.0000,0.0000,0,135.3300,-3.4360,0.0000
1647,1,0,21.2544,354.8030,98.3461,0.0000,0.0000,0,135.4080,-3.4358,0.0000
1648,1,0,22.2072,387.3270,94.5486,0.0000,0.0000,0,135.5300,-3.4352,0.0000
1649,1,0,21.7051,370.0090,97.6635,0.0000,0.0000,0,135.6080,-3.4349,0.0000
1650,1,0,21.5184,363.6730,96.6882,0.0000,0.0000,0,135.7300,-3.4347,0.0000
1651,1,0,21.8040,373.3880,95.7168,0.0000,0.0000,0,135.8080,-3.4341,0.0000
1652,1,0,21.6430,367.8970,98.0890,0.0000,0.0000,0,135.9300,-3.4335,0.0000
1653,1,0,20.7032,336.6410,95.2273,0.0000,0.0000,0,136.0080,-3.4329,0.0000
1654,1,0,21.5434,364.5180,98.7865,0.0000,0.0000,0,136.5660,-3.4306,0.0000
1720,1,0,19.9896,313.8320,92.2808,0.0000,0.0000,0,136.8440,-3.4294,0.0000
1733,1,0,20.3627,325.6590,93.8468,0.0000,0.0000,0,135.0490,-3.4747,0.0000
1734,1,0,21.2797,355.6480,96.7803,0.0000,0.0000,0,136.2470,-3.4694,0.0000
1735,1,0,20.5729,332.4170,96.6766,0.0000,0.0000,0,136.8050,-3.4685,0.0000
1736,1,0,21.6430,367.8970,97.0051,0.0000,0.0000,0,135.3690,-3.4750,0.0000
1737,1,0,22.0370,381.4130,96.4626,0.0000,0.0000,0,135.5690,-3.4741,0.0000
1738,1,0,21.4684,361.9840,97.4696,0.0000,0.0000,0,135.7690,-3.4734,0.0000
1739,1,0,21.4057,359.8720,94.5591,0.0000,0.0000,0,136.6050,-3.4696,0.0000
1740,1,0,20.7162,337.0630,97.0224,0.0000,0.0000,0,137.0060,-3.4677,0.0000
1783,1,0,20.6121,333.6840,97.9870,0.0000,0.0000,0,134.9450,-3.4954,0.0000
1784,1,0,20.5599,331.9940,95.9081,0.0000,0.0000,0,135.1540,-3.4942,0.0000
1785,1,0,21.2417,354.3810,97.9086,0.0000,0.0000,0,136.1420,-3.4899,0.0000
1786,1,0,21.6057,366.6300,96.7577,0.0000,0.0000,0,136.3520,-3.4886,0.0000
1787,1,0,20.3495,325.2360,96.2773,0.0000,0.0000,0,136.9060,-3.4906,0.0000
1788,1,0,21.0765,348.8900,96.7437,0.0000,0.0000,0,135.2690,-3.4977,0.0000
1789,1,0,22.2314,388.1720,95.8910,0.0000,0.0000,0,135.4690,-3.4967,0.0000
1790,1,0,21.4559,361.5610,91.4689,0.0000,0.0000,0,135.6700,-3.4960,0.0000
1791,1,0,21.5559,364.9400,96.4930,0.0000,0.0000,0,135.8690,-3.4949,0.0000
1792,1,0,21.7298,370.8540,96.6090,0.0000,0.0000,0,136.5050,-3.4916,0.0000
1793,1,0,20.8972,342.9760,91.5225,0.0000,0.0000,0,136.7050,-3.4912,0.0000
1794,1,0,19.9222,311.7200,97.5376,0.0000,0.0000,0,137.1060,-3.4895,0.0000
1838,1,0,20.7162,337.0630,95.4745,0.0000,0.0000,0,135.2310,-3.5365,0.0000
1839,1,0,21.2291,353.9580,96.9253,0.0000,0.0000,0,135.3090,-3.5362,0.0000
1840,1,0,21.5059,363.2510,97.5102,0.0000,0.0000,0,135.4310,-3.5359,0.0000
1841,1,0,21.5434,364.5180,91.6169,0.0000,0.0000,0,135.5090,-3.5356,0.0000
1842,1,0,21.4809,362.4060,92.3919,0.0000,0.0000,0,135.6300,-3.5347,0.0000
1843,1,0,21.1020,349.7350,93.9792,0.0000,0.0000,0,135.7090,-3.5345,0.0000
1844,1,0,20.7940,339.5970,97.7505,0.0000,0.0000,0,135.8310,-3.5340,0.0000
1845,1,0,21.0638,348.4670,99.1039,0.0000,0.0000,0,135.9080,-3.5338,0.0000
1846,1,0,21.4684,361.9840,97.5019,0.0000,0.0000,0,136.4660,-3.5313,0.0000
1847,1,0,22.0370,381.4130,98.2563,0.0000,0.0000,0,136.5440,-3.5309,0.0000
1848,1,0,21.6803,369.1640,95.1192,0.0000,0.0000,0,136.6660,-3.5300,0.0000
1849,1,0,20.0835,316.7890,97.8705,0.0000,0.0000,0,136.7440,-3.5296,0.0000
1850,1,0,19.7596,306.6510,95.9095,0.0000,0.0000,0,136.8670,-3.5290,0.0000
1851,1,0,19.7187,305.3840,92.6706,0.0000,0.0000,0,136.9450,-3.5289,0.0000
1852,1,0,20.5599,331.9940,96.7622,0.0000,0.0000,0,137.0670,-3.5285,0.0000
1917,1,0,20.0567,315.9440,93.9442,0.0000,0.0000,0,135.0500,-3.5526,0.0000
1918,1,0,21.0126,346.7780,96.4888,0.0000,0.0000,0,136.2470,-3.5477,0.0000
1933,1,0,21.2797,355.6480,96.1359,0.0000,0.0000,0,135.2700,-3.5752,0.0000
1934,1,0,21.1910,352.6910,92.0875,0.0000,0.0000,0,135.6700,-3.5736,0.0000
1935,1,0,20.7551,338.3300,94.9717,0.0000,0.0000,0,135.8700,-3.5728,0.0000
1936,1,0,21.5933,366.2080,95.6597,0.0000,0.0000,0,136.5050,-3.5700,0.0000
1937,1,0,20.4944,329.8820,94.0427,0.0000,0.0000,0,136.7050,-3.5694,0.0000
1938,1,0,20.8327,340.8650,93.5059,0.0000,0.0000,0,136.9050,-3.5681,0.0000
1939,1,0,20.1903,320.1680,94.6752,0.0000,0.0000,0,137.1070,-3.5672,0.0000
1946,1,0,21.8163,373.8110,96.4642,0.0000,0.0000,0,135.4700,-3.5745,0.0000
1971,1,0,20.1903,320.1680,94.6752,0.0000,0.0000,0,137.1070,-3.5672,0.0000
1979,1,0,21.8163,373.8110,97.3317,0.0000,0.0000,0,135.3700,-3.5968,0.0000
1980,1,0,20.9742,345.5110,96.8535,0.0000,0.0000,0,135.7700,-3.5956,0.0000
1981,1,0,21.7051,370.0090,96.9965,0.0000,0.0000,0,136.6050,-3.5917,0.0000
1982,1,0,20.2170,321.0120,93.4214,0.0000,0.0000,0,137.0060,-3.5896,0.0000
2027,1,0,21.6057,366.6300,94.5027,0.0000,0.0000,0,136.6440,-3.6303,0.0000
2028,1,0,20.7681,338.7530,95.8243,0.0000,0.0000,0,136.7670,-3.6297,0.0000
2029,1,0,20.6121,333.6840,95.4209,0.0000,0.0000,0,136.8450,-3.6292,0.0000
2030,1,0,20.2170,321.0120,95.7299,0.0000,0.0000,0,136.9670,-3.6287,0.0000
2031,1,0,20.3495,325.2360,88.8448,0.0000,0.0000,0,137.0460,-3.6286,0.0000
2035,1,0,21.7793,372.5430,93.4768,0.0000,0.0000,0,135.3310,-3.6365,0.0000
2036,1,0,22.4121,394.5070,99.4743,0.0000,0.0000,0,135.4090,-3.6358,0.0000
2037,1,0,21.6182,367.0520,97.9989,0.0000,0.0000,0,135.5310,-3.6356,0.0000
2038,1,0,21.6306,367.4750,97.2663,0.0000,0.0000,0,135.6090,-3.6349,0.0000
2039,1,0,21.0638,348.4670,98.4050,0.0000,0.0000,0,135.7310,-3.6348,0.0000
2040,1,0,20.9229,343.8210,98.4287,0.0000,0.0000,0,135.8090,-3.6343,0.0000
2041,1,0,20.6772,335.7960,96.0622,0.0000,0.0000,0,135.9310,-3.6338,0.0000
2042,1,0,20.8714,342.1320,98.0807,0.0000,0.0000,0,136.0090,-3.6329,0.0000
2043,1,0,22.4001,394.0850,97.9705,0.0000,0.0000,0,136.5670,-3.6309,0.0000
2114,1,0,21.9637,378.8790,95.8705,0.0000,0.0000,0,135.3700,-3.6749,0.0000
2115,1,0,20.9870,345.9330,94.1801,0.0000,0.0000,0,135.5700,-3.6744,0.0000
2116,1,0,20.8198,340.4420,95.2309,0.0000,0.0000,0,135.7700,-3.6732,0.0000
2117,1,0,20.3099,323.9690,95.9635,0.0000,0.0000,0,135.9700,-3.6719,0.0000
2118,1,0,22.0126,380.5690,97.3879,0.0000,0.0000,0,136.6050,-3.6698,0.0000
2119,1,0,20.3495,325.2360,95.9509,0.0000,0.0000,0,136.8060,-3.6686,0.0000
2120,1,0,20.7032,336.6410,97.1633,0.0000,0.0000,0,137.0070,-3.6675,0.0000
2156,1,0,20.8327,340.8650,98.3451,0.0000,0.0000,0,137.1070,-3.6897,0.0000
2158,1,0,20.9998,346.3560,96.8935,0.0000,0.0000,0,134.8710,-3.6992,0.0000
2159,1,0,20.2834,323.1240,95.4198,0.0000,0.0000,0,135.0700,-3.6985,0.0000
2160,1,0,21.7669,372.1210,96.6934,0.0000,0.0000,0,135.4700,-3.6966,0.0000
2161,1,0,21.3049,356.4930,95.5827,0.0000,0.0000,0,135.8700,-3.6953,0.0000
2162,1,0,21.1148,350.1570,97.9914,0.0000,0.0000,0,136.2700,-3.6929,0.0000
2163,1,0,20.8069,340.0200,98.0531,0.0000,0.0000,0,136.7060,-3.6913,0.0000
2197,1,0,19.9896,313.8320,95.4135,0.0000,0.0000,0,134.8320,-3.7383,0.0000
2198,1,0,20.0299,315.0990,96.4662,0.0000,0.0000,0,134.9100,-3.7380,0.0000
2199,1,0,20.1370,318.4780,95.7040,0.0000,0.0000,0,135.0320,-3.7374,0.0000
2200,1,0,20.8972,342.9760,95.2441,0.0000,0.0000,0,135.1090,-3.7372,0.0000
2201,1,0,20.9870,345.9330,96.2196,0.0000,0.0000,0,135.2320,-3.7366,0.0000
2202,1,0,21.3931,359.4490,97.3144,0.0000,0.0000,0,135.3090,-3.7365,0.0000
2203,1,0,21.8409,374.6550,95.5522,0.0000,0.0000,0,135.4310,-3.7361,0.0000
2204,1,0,21.1148,350.1570,94.4421,0.0000,0.0000,0,135.5090,-3.7355,0.0000
2205,1,0,20.9998,346.3560,95.5414,0.0000,0.0000,0,135.6320,-3.7353,0.0000
2206,1,0,21.0638,348.4670,96.4074,0.0000,0.0000,0,135.7090,-3.7348,0.0000
2207,1,0,21.0638,348.4670,96.7325,0.0000,0.0000,0,135.8310,-3.7346,0.0000
2208,1,0,20.3363,324.8140,97.0236,0.0000,0.0000,0,135.9090,-3.7337,0.0000
2209,1,0,19.8275,308.7630,94.6990,0.0000,0.0000,0,136.0310,-3.7330,0.0000
2210,1,0,20.3099,323.9690,97.3041,0.0000,0.0000,0,136.1090,-3.7325,0.0000
2211,1,0,21.1275,350.5790,94.3986,0.0000,0.0000,0,136.2320,-3.7323,0.0000
2212,1,0,21.0254,347.2000,98.0427,0.0000,0.0000,0,136.3100,-3.7318,0.0000
2213,1,0,21.1148,350.1570,94.4350,0.0000,0.0000,0,136.4660,-3.7310,0.0000
2214,1,0,21.9147,377.1900,97.3920,0.0000,0.0000,0,136.5440,-3.7308,0.0000
2215,1,0,21.3176,356.9150,98.3969,0.0000,0.0000,0,136.6670,-3.7305,0.0000
2216,1,0,20.1236,318.0560,92.6662,0.0000,0.0000,0,136.7450,-3.7299,0.0000
2217,1,0,20.8585,341.7090,99.0922,0.0000,0.0000,0,136.8670,-3.7294,0.0000
2218,1,0,19.7596,306.6510,86.6642,0.0000,0.0000,0,136.9460,-3.7291,0.0000
2219,1,0,20.6512,334.9510,96.4536,0.0000,0.0000,0,137.0680,-3.7285,0.0000
2301,1,0,20.4023,326.9260,96.1296,0.0000,0.0000,0,134.7590,-3.7713,0.0000
2304,1,0,20.1903,320.1680,96.3599,0.0000,0.0000,0,134.8710,-3.7774,0.0000
2305,1,0,21.2164,353.5360,93.4232,0.0000,0.0000,0,135.2710,-3.7758,0.0000
2306,1,0,21.1020,349.7350,93.3532,0.0000,0.0000,0,135.6710,-3.7739,0.0000
2307,1,0,19.3331,293.5570,89.5159,0.0000,0.0000,0,136.0710,-3.7716,0.0000
2308,1,0,21.7051,370.0090,97.6517,0.0000,0.0000,0,136.5060,-3.7702,0.0000
2309,1,0,20.5991,333.2620,94.7550,0.0000,0.0000,0,136.9070,-3.7684,0.0000
2342,1,0,20.3363,324.8140,96.3898,0.0000,0.0000,0,134.9710,-3.7987,0.0000
2343,1,0,21.7793,372.5430,93.6615,0.0000,0.0000,0,135.3710,-3.7975,0.0000
2344,1,0,21.1529,351.4240,96.1248,0.0000,0.0000,0,135.5700,-3.7963,0.0000
2345,1,0,20.9100,343.3990,97.6062,0.0000,0.0000,0,135.7710,-3.7957,0.0000
2346,1,0,19.6914,304.5390,99.6021,0.0000,0.0000,0,135.9700,-3.7945,0.0000
2347,1,0,21.0765,348.8900,94.9253,0.0000,0.0000,0,136.1700,-3.7934,0.0000
2348,1,0,21.7546,371.6990,97.3718,0.0000,0.0000,0,136.3710,-3.7928,0.0000
2349,1,0,22.2556,389.0160,97.0532,0.0000,0.0000,0,136.6060,-3.7918,0.0000
2350,1,0,20.9486,344.6660,95.6364,0.0000,0.0000,0,136.8070,-3.7909,0.0000
2351,1,0,20.9870,345.9330,94.1379,0.0000,0.0000,0,137.0070,-3.7900,0.0000
2394,1,0,21.2544,354.8030,97.3526,0.0000,0.0000,0,135.8100,-3.8343,0.0000
2395,1,0,20.5075,330.3050,98.3370,0.0000,0.0000,0,135.9320,-3.8335,0.0000
2396,1,0,22.0980,383.5250,95.2626,0.0000,0.0000,0,136.6450,-3.8302,0.0000
2397,1,0,19.5406,299.8930,92.7906,0.0000,0.0000,0,136.8450,-3.8296,0.0000
2398,1,0,19.6367,302.8500,94.1411,0.0000,0.0000,0,136.9680,-3.8291,0.0000
2399,1,0,20.2037,320.5900,91.2447,0.0000,0.0000,0,137.0460,-3.8286,0.0000
2404,1,0,20.5075,330.3050,94.3119,0.0000,0.0000,0,135.0100,-3.8375,0.0000
2405,1,0,22.1587,385.6370,93.9416,0.0000,0.0000,0,135.3320,-3.8360,0.0000
2406,1,0,21.7669,372.1210,92.6895,0.0000,0.0000,0,135.4100,-3.8356,0.0000
2407,1,0,21.4308,360.7170,97.2088,0.0000,0.0000,0,135.5320,-3.8352,0.0000
2408,1,0,21.3049,356.4930,95.1687,0.0000,0.0000,0,135.6100,-3.8346,0.0000
2409,1,0,21.3302,357.3370,96.2879,0.0000,0.0000,0,135.7320,-3.8346,0.0000
2410,1,0,19.6230,302.4270,92.2153,0.0000,0.0000,0,136.0090,-3.8325,0.0000
2411,1,0,20.8843,342.5540,99.3551,0.0000,0.0000,0,136.1320,-3.8323,0.0000
2412,1,0,20.9486,344.6660,97.7077,0.0000,0.0000,0,136.2100,-3.8322,0.0000
2413,1,0,21.2164,353.5360,99.0647,0.0000,0.0000,0,136.3320,-3.8314,0.0000
2414,1,0,21.3554,358.1820,97.0502,0.0000,0.0000,0,136.4100,-3.8313,0.0000
2415,1,0,21.3680,358.6050,98.9007,0.0000,0.0000,0,136.5670,-3.8305,0.0000
2416,1,0,20.2701,322.7020,95.7888,0.0000,0.0000,0,136.7680,-3.8296,0.0000
2492,1,0,20.2037,320.5900,96.6564,0.0000,0.0000,0,134.9720,-3.8763,0.0000
2493,1,0,21.7422,371.2760,97.0381,0.0000,0.0000,0,135.3710,-3.8748,0.0000
2494,1,0,21.5559,364.9400,96.2714,0.0000,0.0000,0,135.5710,-3.8742,0.0000
2495,1,0,21.5434,364.5180,96.9667,0.0000,0.0000,0,135.7710,-3.8734,0.0000
2496,1,0,20.3891,326.5030,96.0979,0.0000,0.0000,0,135.9710,-3.8716,0.0000
2497,1,0,20.9614,345.0880,96.2273,0.0000,0.0000,0,136.1710,-3.8710,0.0000
2498,1,0,21.3680,358.6050,98.3221,0.0000,0.0000,0,136.3710,-3.8699,0.0000
2499,1,0,22.2797,389.8610,95.6841,0.0000,0.0000,0,136.6070,-3.8692,0.0000
2500,1,0,20.3495,325.2360,92.7365,0.0000,0.0000,0,136.8070,-3.8681,0.0000
2501,1,0,20.7681,338.7530,93.6591,0.0000,0.0000,0,137.0080,-3.8674,0.0000
2520,1,0,20.1770,319.7450,95.0965,0.0000,0.0000,0,134.7340,-3.9000,0.0000
2521,1,0,20.7032,336.6410,93.2032,0.0000,0.0000,0,134.8720,-3.8989,0.0000
2567,1,0,20.4681,329.0380,94.8597,0.0000,0.0000,0,134.8330,-3.9379,0.0000
2568,1,0,20.3099,323.9690,93.7733,0.0000,0.0000,0,134.9110,-3.9376,0.0000
2578,1,0,20.3891,326.5030,95.5547,0.0000,0.0000,0,135.2320,-3.9565,0.0000
2579,1,0,21.0765,348.8900,95.7061,0.0000,0.0000,0,135.3100,-3.9564,0.0000
2580,1,0,21.5933,366.2080,99.4716,0.0000,0.0000,0,135.4780,-3.9555,0.0000
2581,1,0,21.4433,361.1390,93.7274,0.0000,0.0000,0,135.5560,-3.9555,0.0000
2582,1,0,20.9357,344.2440,95.4786,0.0000,0.0000,0,135.7250,-3.9548,0.0000
2583,1,0,21.2797,355.6480,97.0680,0.0000,0.0000,0,135.8030,-3.9543,0.0000
2584,1,0,20.9614,345.0880,96.4616,0.0000,0.0000,0,135.9710,-3.9532,0.0000
2585,1,0,20.7810,339.1750,96.2754,0.0000,0.0000,0,136.0500,-3.9528,0.0000
2586,1,0,20.9998,346.3560,94.9239,0.0000,0.0000,0,136.2180,-3.9522,0.0000
2587,1,0,21.2670,355.2260,97.7652,0.0000,0.0000,0,136.2960,-3.9518,0.0000
2588,1,0,21.7422,371.2760,95.8955,0.0000,0.0000,0,136.4660,-3.9511,0.0000
2589,1,0,21.7916,372.9660,98.1401,0.0000,0.0000,0,136.5440,-3.9507,0.0000
2590,1,0,21.2037,353.1140,96.4838,0.0000,0.0000,0,136.7130,-3.9501,0.0000
2591,1,0,20.0567,315.9440,96.3490,0.0000,0.0000,0,136.7910,-3.9497,0.0000
2592,1,0,20.1903,320.1680,91.8578,0.0000,0.0000,0,137.1400,-3.9484,0.0000
2620,1,0,19.9222,311.7200,96.5984,0.0000,0.0000,0,134.8720,-3.9767,0.0000
2621,1,0,19.9222,311.7200,98.8086,0.0000,0.0000,0,134.7340,-3.9781,0.0000
2665,1,0,20.1370,318.4780,96.5425,0.0000,0.0000,0,135.1480,-3.9812,0.0000
2666,1,0,20.6772,335.7960,90.7940,0.0000,0.0000,0,136.8750,-3.9735,0.0000
2667,1,0,20.4550,328.6150,99.8658,0.0000,0.0000,0,137.0560,-3.9731,0.0000
2674,1,0,20.0567,315.9440,94.7350,0.0000,0.0000,0,134.9720,-3.9987,0.0000
2685,1,0,20.8069,340.0200,96.8976,0.0000,0.0000,0,135.2320,-4.0048,0.0000
2686,1,0,20.6642,335.3740,92.8737,0.0000,0.0000,0,135.3100,-4.0041,0.0000
2687,1,0,21.5059,363.2510,95.9849,0.0000,0.0000,0,135.4790,-4.0036,0.0000
2688,1,0,21.2037,353.1140,95.4529,0.0000,0.0000,0,135.5560,-4.0034,0.0000
2689,1,0,20.5337,331.1500,97.0762,0.0000,0.0000,0,135.7250,-4.0027,0.0000
2690,1,0,21.0638,348.4670,92.0216,0.0000,0.0000,0,135.8040,-4.0022,0.0000
2691,1,0,20.4550,328.6150,94.0250,0.0000,0.0000,0,135.9720,-4.0012,0.0000
2692,1,0,20.8714,342.1320,98.6205,0.0000,0.0000,0,136.0500,-4.0010,0.0000
2693,1,0,21.1148,350.1570,94.0404,0.0000,0.0000,0,136.2190,-4.0002,0.0000
2694,1,0,21.1148,350.1570,97.9051,0.0000,0.0000,0,136.2960,-4.0000,0.0000
2695,1,0,21.7793,372.5430,98.5865,0.0000,0.0000,0,136.4660,-3.9992,0.0000
2696,1,0,22.3761,393.2400,95.9901,0.0000,0.0000,0,136.5440,-3.9989,0.0000
2697,1,0,21.0510,348.0450,95.8609,0.0000,0.0000,0,136.7130,-3.9981,0.0000
2698,1,0,21.0254,347.2000,95.2654,0.0000,0.0000,0,136.7910,-3.9980,0.0000
2699,1,0,20.2701,322.7020,93.3815,0.0000,0.0000,0,137.1410,-3.9964,0.0000
2757,1,0,21.2797,355.6480,92.0961,0.0000,0.0000,0,135.6410,-4.0217,0.0000
2758,1,0,20.4681,329.0380,96.0765,0.0000,0.0000,0,136.1340,-4.0193,0.0000
2759,1,0,21.8409,374.6550,98.7385,0.0000,0.0000,0,136.6280,-4.0171,0.0000
2767,1,0,20.3495,325.2360,97.1088,0.0000,0.0000,0,137.0170,-4.0262,0.0000
2769,1,0,20.0701,316.3660,97.3905,0.0000,0.0000,0,135.1090,-4.0342,0.0000
2770,1,0,20.1370,318.4780,94.4770,0.0000,0.0000,0,135.1870,-4.0340,0.0000
2771,1,0,21.3302,357.3370,98.6065,0.0000,0.0000,0,135.3560,-4.0334,0.0000
2772,1,0,21.8040,373.3880,93.8795,0.0000,0.0000,0,135.4340,-4.0330,0.0000
2773,1,0,21.3680,358.6050,96.2507,0.0000,0.0000,0,135.8490,-4.0313,0.0000
2774,1,0,22.0248,380.9910,96.3768,0.0000,0.0000,0,135.9270,-4.0309,0.0000
2775,1,0,21.7298,370.8540,96.0107,0.0000,0.0000,0,136.3420,-4.0287,0.0000
2776,1,0,21.9024,376.7670,95.1017,0.0000,0.0000,0,136.4200,-4.0287,0.0000
2777,1,0,21.0765,348.8900,93.9790,0.0000,0.0000,0,136.8360,-4.0263,0.0000
2778,1,0,20.2435,321.8570,95.7259,0.0000,0.0000,0,136.9150,-4.0264,0.0000
2779,1,0,20.6772,335.7960,91.5297,0.0000,0.0000,0,137.0950,-4.0257,0.0000
2797,1,0,20.2170,321.0120,91.7894,0.0000,0.0000,0,135.0110,-4.0373,0.0000
2800,1,0,22.0248,380.9910,96.3768,0.0000,0.0000,0,135.9270,-4.0309,0.0000
2844,1,0,19.7051,304.9620,94.6472,0.0000,0.0000,0,134.9720,-4.0765,0.0000
2846,1,0,21.6555,368.3200,96.6806,0.0000,0.0000,0,135.8490,-4.0790,0.0000
2847,1,0,20.3363,324.8140,92.8837,0.0000,0.0000,0,136.8370,-4.0747,0.0000
2848,1,0,20.3099,323.9690,96.7476,0.0000,0.0000,0,136.9150,-4.0743,0.0000
2849,1,0,20.5468,331.5720,96.0497,0.0000,0.0000,0,137.0170,-4.0743,0.0000
2850,1,0,20.8327,340.8650,95.2461,0.0000,0.0000,0,137.0950,-4.0739,0.0000
2855,1,0,20.1370,318.4780,92.6320,0.0000,0.0000,0,135.1090,-4.0822,0.0000
2856,1,0,20.1903,320.1680,96.0539,0.0000,0.0000,0,135.1870,-4.0816,0.0000
2857,1,0,20.8972,342.9760,93.5206,0.0000,0.0000,0,135.3560,-4.0813,0.0000
2858,1,0,21.4809,362.4060,97.5348,0.0000,0.0000,0,135.4340,-4.0806,0.0000
2859,1,0,21.8532,375.0780,96.9772,0.0000,0.0000,0,135.9270,-4.0789,0.0000
2860,1,0,21.5059,363.2510,97.5696,0.0000,0.0000,0,136.3430,-4.0765,0.0000
2861,1,0,22.3761,393.2400,97.8969,0.0000,0.0000,0,136.4200,-4.0764,0.0000
2918,1,0,20.8972,342.9760,93.4509,0.0000,0.0000,0,136.6290,-4.0858,0.0000
2919,1,0,21.0510,348.0450,96.6266,0.0000,0.0000,0,135.6410,-4.0902,0.0000
2920,1,0,20.7551,338.3300,95.2598,0.0000,0.0000,0,136.1350,-4.0877,0.0000
2927,1,0,20.0030,314.2540,96.9410,0.0000,0.0000,0,134.8720,-4.0987,0.0000
2939,1,0,20.2701,322.7020,94.0538,0.0000,0.0000,0,134.7340,-4.1131,0.0000
2940,1,0,19.9357,312.1420,95.3415,0.0000,0.0000,0,135.2330,-4.1104,0.0000
2941,1,0,20.2966,323.5470,94.7310,0.0000,0.0000,0,135.3100,-4.1101,0.0000
2942,1,0,21.5309,364.0960,96.0651,0.0000,0.0000,0,135.4790,-4.1098,0.0000
2943,1,0,22.1101,383.9480,97.4890,0.0000,0.0000,0,135.5570,-4.1093,0.0000
2944,1,0,20.8843,342.5540,93.1698,0.0000,0.0000,0,135.7260,-4.1087,0.0000
2945,1,0,21.6803,369.1640,96.9582,0.0000,0.0000,0,135.8040,-4.1086,0.0000
2946,1,0,20.8972,342.9760,92.5296,0.0000,0.0000,0,135.9720,-4.1071,0.0000
2947,1,0,21.5184,363.6730,95.6514,0.0000,0.0000,0,136.0500,-4.1067,0.0000
2948,1,0,21.5059,363.2510,97.9787,0.0000,0.0000,0,136.2190,-4.1060,0.0000
2949,1,0,21.4057,359.8720,96.8780,0.0000,0.0000,0,136.2970,-4.1062,0.0000
2950,1,0,22.3641,392.8180,96.4057,0.0000,0.0000,0,136.4660,-4.1051,0.0000
2951,1,0,21.9269,377.6120,97.5249,0.0000,0.0000,0,136.5440,-4.1047,0.0000
2952,1,0,20.5206,330.7270,97.5064,0.0000,0.0000,0,136.7140,-4.1040,0.0000
2953,1,0,20.1770,319.7450,95.3721,0.0000,0.0000,0,136.7920,-4.1039,0.0000
2954,1,0,21.0254,347.2000,92.7692,0.0000,0.0000,0,137.1410,-4.1027,0.0000
2982,1,0,21.5184,363.6730,95.6514,0.0000,0.0000,0,136.0500,-4.1067,0.0000
3025,1,0,19.4717,297.7810,97.0405,0.0000,0.0000,0,135.1480,-4.1350,0.0000
3026,1,0,20.7551,338.3300,95.4721,0.0000,0.0000,0,136.8760,-4.1275,0.0000
3027,1,0,20.4418,328.1930,93.7518,0.0000,0.0000,0,137.0560,-4.1268,0.0000
3031,1,0,19.8952,310.8750,95.5219,0.0000,0.0000,0,134.8340,-4.1381,0.0000
3032,1,0,20.1236,318.0560,97.1795,0.0000,0.0000,0,134.9120,-4.1377,0.0000
3043,1,0,20.0165,314.6770,93.1018,0.0000,0.0000,0,136.7130,-4.1524,0.0000
3044,1,0,20.7940,339.5970,93.6292,0.0000,0.0000,0,136.7920,-4.1516,0.0000
3045,1,0,20.6512,334.9510,91.6831,0.0000,0.0000,0,137.1410,-4.1502,0.0000
3049,1,0,20.2303,321.4350,96.3206,0.0000,0.0000,0,135.2330,-4.1586,0.0000
3050,1,0,20.4023,326.9260,98.2873,0.0000,0.0000,0,135.3110,-4.1585,0.0000
3051,1,0,21.4684,361.9840,94.5243,0.0000,0.0000,0,135.4790,-4.1574,0.0000
3052,1,0,22.4241,394.9300,96.5260,0.0000,0.0000,0,135.5570,-4.1573,0.0000
3053,1,0,21.2164,353.5360,97.1339,0.0000,0.0000,0,135.7260,-4.1565,0.0000
3054,1,0,21.2923,356.0700,96.3915,0.0000,0.0000,0,135.8040,-4.1563,0.0000
3055,1,0,21.3680,358.6050,92.1638,0.0000,0.0000,0,135.9730,-4.1554,0.0000
3056,1,0,21.4057,359.8720,94.3545,0.0000,0.0000,0,136.0510,-4.1548,0.0000
3057,1,0,21.4559,361.5610,99.1936,0.0000,0.0000,0,136.2190,-4.1540,0.0000
3058,1,0,21.7298,370.8540,96.1164,0.0000,0.0000,0,136.2970,-4.1538,0.0000
3059,1,0,22.3641,392.8180,96.9158,0.0000,0.0000,0,136.4660,-4.1529,0.0000
3060,1,0,21.8286,374.2330,97.3661,0.0135,0.0135,1,136.5440,-4.1523,0.1164
3116,1,0,20.2966,323.5470,99.6183,0.0000,0.0000,0,134.8730,-4.1770,0.0000
3118,1,0,22.3641,392.8180,98.1150,0.0000,0.0000,0,135.8880,-4.1750,0.0000
3119,1,0,21.9514,378.4570,98.2331,0.0000,0.0000,0,136.3820,-4.1724,0.0000
3124,1,0,22.3641,392.8180,98.1150,0.0000,0.0000,0,135.8880,-4.1750,0.0000
3131,1,0,20.1103,317.6330,95.3934,0.0000,0.0000,0,135.1100,-4.1882,0.0000
3132,1,0,20.0433,315.5210,90.3154,0.0000,0.0000,0,135.1880,-4.1876,0.0000
3133,1,0,22.1344,384.7930,95.1739,0.0000,0.0000,0,135.6030,-4.1864,0.0000
3134,1,0,21.3931,359.4490,96.7604,0.0000,0.0000,0,135.6810,-4.1860,0.0000
3135,1,0,21.6182,367.0520,91.4873,0.0000,0.0000,0,136.0960,-4.1837,0.0000
3136,1,0,21.0254,347.2000,97.7168,0.0000,0.0000,0,136.1740,-4.1834,0.0000
3137,1,0,21.6927,369.5870,95.4855,0.0000,0.0000,0,136.5900,-4.1816,0.0000
3138,1,0,20.8327,340.8650,97.3812,0.0000,0.0000,0,136.6680,-4.1814,0.0000
3139,1,0,20.3099,323.9690,94.0411,0.0000,0.0000,0,136.8370,-4.1806,0.0000
3140,1,0,20.7292,337.4850,92.9201,0.0000,0.0000,0,136.9150,-4.1805,0.0000
3141,1,0,20.3495,325.2360,95.0467,0.0000,0.0000,0,137.0180,-4.1801,0.0000
3142,1,0,20.5468,331.5720,94.7753,0.0000,0.0000,0,137.0960,-4.1797,0.0000
3161,1,0,20.1903,320.1680,94.8548,0.0000,0.0000,0,134.7350,-4.1909,0.0000
3163,1,0,19.5819,301.1600,90.3793,0.0000,0.0000,0,134.9730,-4.1987,0.0000
3170,1,0,20.2170,321.0120,92.1210,0.0000,0.0000,0,136.7920,-4.2050,0.0000
3171,1,0,20.4944,329.8820,95.4283,0.0000,0.0000,0,137.1410,-4.2038,0.0000
3200,1,0,20.2037,320.5900,92.3545,0.0000,0.0000,0,135.2330,-4.2114,0.0000
3210,1,0,21.2797,355.6480,94.7591,0.0000,0.0000,0,136.5900,-4.2295,0.0000
3211,1,0,20.9357,344.2440,92.3627,0.0000,0.0000,0,136.6690,-4.2291,0.0000
3212,1,0,20.9614,345.0880,95.0141,0.0000,0.0000,0,136.8370,-4.2284,0.0000
3213,1,0,20.8972,342.9760,94.9397,0.0000,0.0000,0,136.9160,-4.2281,0.0000
3214,1,0,20.1236,318.0560,93.7035,0.0000,0.0000,0,137.0180,-4.2281,0.0000
3215,1,0,20.2701,322.7020,90.7865,0.0000,0.0000,0,137.0960,-4.2274,0.0000
3217,1,0,20.6642,335.3740,97.9949,0.0000,0.0000,0,134.7360,-4.2388,0.0000
3218,1,0,20.2170,321.0120,94.0518,0.0000,0.0000,0,134.9340,-4.2379,0.0000
3219,1,0,20.4287,327.7710,95.8570,0.0000,0.0000,0,135.0120,-4.2377,0.0000
3220,1,0,19.4993,298.6260,91.8271,0.0000,0.0000,0,135.1100,-4.2363,0.0000
3221,1,0,19.7460,306.2290,93.2343,0.0000,0.0000,0,135.1880,-4.2358,0.0000
3222,1,0,21.8532,375.0780,97.4010,0.0000,0.0000,0,135.6030,-4.2338,0.0000
3223,1,0,21.6306,367.4750,95.3745,0.0000,0.0000,0,135.6810,-4.2340,0.0000
3224,1,0,21.7175,370.4310,96.6549,0.0000,0.0000,0,136.0960,-4.2314,0.0000
3225,1,0,21.8286,374.2330,97.1019,0.0000,0.0000,0,136.1740,-4.2312,0.0000
3287,1,0,21.9637,378.8790,94.0752,0.0000,0.0000,0,135.8890,-4.2434,0.0000
3288,1,0,22.4720,396.6190,95.9964,0.0000,0.0000,0,136.3820,-4.2406,0.0000
3301,1,0,20.3231,324.3920,94.5972,0.0000,0.0000,0,135.2340,-4.2644,0.0000
3302,1,0,19.6093,302.0050,97.4982,0.0000,0.0000,0,135.3110,-4.2642,0.0000
3303,1,0,20.7162,337.0630,96.3193,0.0000,0.0000,0,135.4790,-4.2636,0.0000
3304,1,0,21.3554,358.1820,95.2321,0.0000,0.0000,0,135.5580,-4.2632,0.0000
3305,1,0,22.0858,383.1030,96.4322,0.0000,0.0000,0,135.7260,-4.2627,0.0000
3306,1,0,22.0492,381.8360,91.4931,0.0000,0.0000,0,135.8050,-4.2623,0.0000
3307,1,0,21.7546,371.6990,99.3959,0.0000,0.0000,0,135.9730,-4.2610,0.0000
3308,1,0,22.0126,380.5690,97.3302,0.0000,0.0000,0,136.0510,-4.2608,0.0000
3309,1,0,22.4001,394.0850,98.3077,0.0000,0.0000,0,136.2200,-4.2601,0.0000
3310,1,0,22.2677,389.4390,96.1264,0.0000,0.0000,0,136.2980,-4.2600,0.0000
3311,1,0,22.1951,386.9040,93.6832,0.0000,0.0000,0,136.4670,-4.2589,0.0000
3312,1,0,21.0254,347.2000,95.3832,0.0000,0.0000,0,136.5450,-4.2588,0.0000
3313,1,0,20.0165,314.6770,96.6811,0.0000,0.0000,0,136.7140,-4.2582,0.0000
3314,1,0,20.5468,331.5720,95.4727,0.0000,0.0000,0,136.7920,-4.2579,0.0000
3315,1,0,20.9100,343.3990,97.8399,0.0000,0.0000,0,137.1420,-4.2566,0.0000
3343,1,0,20.4813,329.4600,94.4706,0.0000,0.0000,0,134.9730,-4.2763,0.0000
3388,1,0,19.9087,311.2980,95.1060,0.0000,0.0000,0,135.1490,-4.2889,0.0000
3389,1,0,20.8585,341.7090,96.8446,0.0000,0.0000,0,136.8770,-4.2816,0.0000
3390,1,0,20.4418,328.1930,94.8460,0.0000,0.0000,0,137.0570,-4.2805,0.0000
3394,1,0,20.3231,324.3920,98.1441,0.0000,0.0000,0,134.8730,-4.2992,0.0000
3406,1,0,19.9492,312.5650,95.9757,0.0000,0.0000,0,136.7140,-4.3057,0.0000
3407,1,0,20.7032,336.6410,98.9525,0.0000,0.0000,0,136.7920,-4.3059,0.0000
3408,1,0,20.5991,333.2620,93.7278,0.0000,0.0000,0,137.1420,-4.3044,0.0000
3411,1,0,19.7868,307.4960,97.4415,0.0000,0.0000,0,135.2330,-4.3124,0.0000
3412,1,0,19.8004,307.9180,92.0918,0.0000,0.0000,0,135.3110,-4.3122,0.0000
3413,1,0,21.0126,346.7780,96.6654,0.0000,0.0000,0,135.4800,-4.3115,0.0000
3414,1,0,20.9742,345.5110,98.0979,0.0000,0.0000,0,135.5580,-4.3112,0.0000
3415,1,0,22.1223,384.3700,99.1473,0.0000,0.0000,0,135.7270,-4.3110,0.0000
3416,1,0,22.2918,390.2840,95.0238,0.0000,0.0000,0,135.8050,-4.3103,0.0000
3417,1,0,21.8778,375.9220,96.6356,0.0000,0.0000,0,135.9730,-4.3089,0.0000
3418,1,0,22.4481,395.7750,96.2684,0.0000,0.0000,0,136.0510,-4.3088,0.0000
3419,1,0,22.5318,398.7310,97.9594,0.0000,0.0000,0,136.2200,-4.3082,0.0000
3420,1,0,22.5675,399.9980,97.0432,0.0000,0.0000,0,136.2980,-4.3077,0.0000
3421,1,0,21.3049,356.4930,95.5787,0.0000,0.0000,0,136.4670,-4.3068,0.0000
3422,1,0,21.1148,350.1570,92.8932,0.0000,0.0000,0,136.5450,-4.3071,0.0000
3448,1,0,20.2834,323.1240,91.7990,0.0000,0.0000,0,134.7360,-4.3166,0.0000
3484,1,0,21.2544,354.8030,97.8269,0.0000,0.0000,0,135.6420,-4.3298,0.0000
3485,1,0,22.0248,380.9910,95.1061,0.0000,0.0000,0,136.1360,-4.3271,0.0000
3486,1,0,20.5337,331.1500,95.4795,0.0000,0.0000,0,136.6300,-4.3252,0.0000
3493,1,0,19.8275,308.7630,95.6680,0.0000,0.0000,0,134.8350,-4.3382,0.0000
3494,1,0,20.3759,326.0810,96.1006,0.0000,0.0000,0,134.9120,-4.3377,0.0000
3503,1,0,20.0567,315.9440,93.5911,0.0000,0.0000,0,135.1100,-4.3421,0.0000
3504,1,0,19.9627,312.9870,97.8994,0.0000,0.0000,0,135.1880,-4.3420,0.0000
3505,1,0,20.0165,314.6770,98.6245,0.0000,0.0000,0,135.3570,-4.3411,0.0000
3506,1,0,20.4418,328.1930,96.1029,0.0000,0.0000,0,135.4350,-4.3408,0.0000
3507,1,0,22.6745,403.8000,93.8559,0.0000,0.0000,0,135.8500,-4.3392,0.0000
3508,1,0,22.4361,395.3520,95.9034,0.0000,0.0000,0,135.9280,-4.3387,0.0000
3509,1,0,22.2797,389.8610,97.8406,0.0000,0.0000,0,136.3440,-4.3368,0.0000
3510,1,0,21.8532,375.0780,96.0275,0.0000,0.0000,0,136.4210,-4.3361,0.0000
3511,1,0,21.1148,350.1570,93.9686,0.0000,0.0000,0,136.8380,-4.3347,0.0000
3512,1,0,20.5991,333.2620,95.5436,0.0000,0.0000,0,136.9160,-4.3341,0.0000
3513,1,0,20.6512,334.9510,95.7177,0.0000,0.0000,0,137.0180,-4.3341,0.0000
3514,1,0,20.4944,329.8820,92.7106,0.0000,0.0000,0,137.0960,-4.3340,0.0000
3534,1,0,20.7681,338.7530,97.9057,0.0000,0.0000,0,134.7360,-4.3647,0.0000
3565,1,0,20.0433,315.5210,95.5068,0.0000,0.0000,0,135.2340,-4.3658,0.0000
3566,1,0,20.3759,326.0810,96.9601,0.0000,0.0000,0,136.7930,-4.3589,0.0000
3567,1,0,20.3099,323.9690,97.4371,0.0000,0.0000,0,137.1420,-4.3578,0.0000
3580,1,0,20.2435,321.8570,95.8584,0.0000,0.0000,0,134.8730,-4.3770,0.0000
3583,1,0,20.6512,334.9510,98.6126,0.0000,0.0000,0,136.8380,-4.3827,0.0000
3584,1,0,21.1402,351.0020,93.1591,0.0000,0.0000,0,136.9170,-4.3824,0.0000
3585,1,0,20.4944,329.8820,98.9789,0.0000,0.0000,0,135.1110,-4.3899,0.0000
3586,1,0,19.9087,311.2980,95.2794,0.0000,0.0000,0,135.1890,-4.3898,0.0000
3587,1,0,20.4155,327.3480,89.0900,0.0000,0.0000,0,135.3570,-4.3895,0.0000
3588,1,0,20.4813,329.4600,98.0902,0.0000,0.0000,0,135.4350,-4.3887,0.0000
3589,1,0,22.2072,387.3270,96.7958,0.0000,0.0000,0,135.8500,-4.3872,0.0000
3590,1,0,22.6033,401.2660,98.7060,0.0000,0.0000,0,135.9280,-4.3868,0.0000
3591,1,0,21.9269,377.6120,96.9473,0.0000,0.0000,0,136.3440,-4.3848,0.0000
3592,1,0,20.9229,343.8210,93.7131,0.0000,0.0000,0,136.4220,-4.3842,0.0000
3593,1,0,20.6252,334.1060,88.7752,0.0000,0.0000,0,137.0180,-4.3818,0.0000
3594,1,0,20.1370,318.4780,89.5663,0.0000,0.0000,0,137.0960,-4.3818,0.0000
3655,1,0,19.6230,302.4270,94.6855,0.0000,0.0000,0,134.9730,-4.3990,0.0000
3656,1,0,20.4681,329.0380,94.2259,0.0000,0.0000,0,136.6300,-4.3942,0.0000
3658,1,0,20.8069,340.0200,94.8887,0.0000,0.0000,0,135.6420,-4.3983,0.0000
3659,1,0,21.9269,377.6120,94.6453,0.0000,0.0000,0,136.1360,-4.3956,0.0000
3672,1,0,19.8004,307.9180,97.6356,0.0000,0.0000,0,135.2340,-4.4187,0.0000
3673,1,0,19.8139,308.3410,97.7476,0.0000,0.0000,0,135.3120,-4.4185,0.0000
3674,1,0,20.0165,314.6770,96.0491,0.0000,0.0000,0,135.4810,-4.4173,0.0000
3675,1,0,20.8585,341.7090,93.2202,0.0000,0.0000,0,135.5580,-4.4171,0.0000
3676,1,0,21.2797,355.6480,97.4890,0.0000,0.0000,0,135.7270,-4.4166,0.0000
3677,1,0,21.7916,372.9660,97.9559,0.0000,0.0000,0,135.8050,-4.4163,0.0000
3678,1,0,22.0492,381.8360,94.9826,0.0000,0.0000,0,135.9730,-4.4152,0.0000
3679,1,0,22.1708,386.0600,96.1238,0.0000,0.0000,0,136.0520,-4.4146,0.0000
3680,1,0,21.9147,377.1900,91.4635,0.0000,0.0000,0,136.2210,-4.4140,0.0000
3681,1,0,21.5559,364.9400,98.5072,0.0000,0.0000,0,136.2980,-4.4136,0.0000
3682,1,0,20.7162,337.0630,97.8526,0.0000,0.0000,0,136.4670,-4.4130,0.0000
3683,1,0,20.2701,322.7020,93.2182,0.0000,0.0000,0,136.5460,-4.4129,0.0000
3684,1,0,20.5991,333.2620,98.5305,0.0000,0.0000,0,136.7140,-4.4125,0.0000
3685,1,0,20.7422,337.9080,95.8641,0.0000,0.0000,0,136.7920,-4.4120,0.0000
3686,1,0,20.2303,321.4350,94.6016,0.0000,0.0000,0,137.1420,-4.4105,0.0000
3717,1,0,20.2435,321.8570,92.1600,0.0000,0.0000,0,135.0130,-4.4372,0.0000
3720,1,0,20.6252,334.1060,95.9980,0.0000,0.0000,0,134.7360,-4.4428,0.0000
3763,1,0,20.0835,316.7890,95.8811,0.0000,0.0000,0,135.1500,-4.4430,0.0000
3764,1,0,20.2303,321.4350,90.0062,0.0000,0.0000,0,136.8770,-4.4359,0.0000
3765,1,0,20.4944,329.8820,92.3751,0.0000,0.0000,0,137.0580,-4.4348,0.0000
3778,1,0,20.0165,314.6770,96.9872,0.0000,0.0000,0,136.7150,-4.4603,0.0000
3779,1,0,21.0382,347.6230,97.1507,0.0000,0.0000,0,136.7930,-4.4597,0.0000
3780,1,0,20.2037,320.5900,92.2726,0.0000,0.0000,0,135.2340,-4.4662,0.0000
3781,1,0,19.8411,309.1860,98.1044,0.0000,0.0000,0,135.3120,-4.4665,0.0000
3782,1,0,20.1770,319.7450,94.0895,0.0000,0.0000,0,135.4810,-4.4657,0.0000
3783,1,0,20.7422,337.9080,97.8763,0.0000,0.0000,0,135.5580,-4.4653,0.0000
3784,1,0,20.6642,335.3740,97.0012,0.0000,0.0000,0,135.7280,-4.4645,0.0000
3785,1,0,21.3302,357.3370,96.1096,0.0000,0.0000,0,135.8050,-4.4643,0.0000
3786,1,0,21.8040,373.3880,98.2106,0.0000,0.0000,0,135.9740,-4.4630,0.0000
3787,1,0,21.9759,379.3020,98.3328,0.0000,0.0000,0,136.0520,-4.4622,0.0000
3788,1,0,21.1275,350.5790,97.3537,0.0000,0.0000,0,136.2210,-4.4620,0.0000
3789,1,0,20.3495,325.2360,96.5965,0.0000,0.0000,0,136.2990,-4.4616,0.0000
3790,1,0,20.5337,331.1500,95.3762,0.0000,0.0000,0,136.4680,-4.4612,0.0000
3791,1,0,20.0299,315.0990,95.9595,0.0000,0.0000,0,136.5460,-4.4609,0.0000
3792,1,0,20.7032,336.6410,93.1930,0.0000,0.0000,0,137.1430,-4.4586,0.0000
3850,1,0,19.7732,307.0740,95.5190,0.0000,0.0000,0,134.9740,-4.4768,0.0000
3853,1,0,19.8817,310.4530,94.6983,0.0000,0.0000,0,135.3960,-4.4848,0.0000
3854,1,0,21.2291,353.9580,97.1611,0.0000,0.0000,0,135.8900,-4.4826,0.0000
3855,1,0,20.9486,344.6660,95.0240,0.0000,0.0000,0,136.3830,-4.4803,0.0000
3862,1,0,19.8681,310.0300,92.9164,0.0000,0.0000,0,134.7370,-4.4939,0.0000
3869,1,0,19.8004,307.9180,93.7018,0.0000,0.0000,0,135.1110,-4.4960,0.0000
3870,1,0,19.8546,309.6080,92.3795,0.0000,0.0000,0,135.1890,-4.4957,0.0000
3871,1,0,20.1103,317.6330,98.7919,0.0000,0.0000,0,135.6040,-4.4943,0.0000
3872,1,0,19.8952,310.8750,94.9271,0.0000,0.0000,0,135.6820,-4.4936,0.0000
3873,1,0,21.6182,367.0520,95.6074,0.0000,0.0000,0,136.0970,-4.4916,0.0000
3874,1,0,21.1275,350.5790,97.8025,0.0000,0.0000,0,136.1760,-4.4913,0.0000
3875,1,0,20.4944,329.8820,97.1750,0.0000,0.0000,0,136.5910,-4.4894,0.0000
3876,1,0,20.1770,319.7450,96.7583,0.0000,0.0000,0,136.6690,-4.4893,0.0000
3877,1,0,20.7422,337.9080,97.2761,0.0000,0.0000,0,136.8390,-4.4887,0.0000
3878,1,0,20.4681,329.0380,88.2180,0.0000,0.0000,0,136.9170,-4.4882,0.0000
3879,1,0,20.4681,329.0380,92.6783,0.0000,0.0000,0,137.0180,-4.4882,0.0000
3880,1,0,20.7292,337.4850,93.6051,0.0000,0.0000,0,137.0970,-4.4881,0.0000
3890,1,0,19.7868,307.4960,96.0699,0.0000,0.0000,0,134.8740,-4.4997,0.0000
3933,1,0,20.0433,315.5210,98.5571,0.0000,0.0000,0,135.2340,-4.5194,0.0000
3934,1,0,20.2966,323.5470,96.9593,0.0000,0.0000,0,136.7930,-4.5133,0.0000
3935,1,0,19.7460,306.2290,95.1353,0.0000,0.0000,0,137.1420,-4.5117,0.0000
3946,1,0,20.2303,321.4350,90.5333,0.0000,0.0000,0,134.8360,-4.5386,0.0000
3947,1,0,20.3231,324.3920,94.1729,0.0000,0.0000,0,134.9130,-4.5377,0.0000
3954,1,0,20.7681,338.7530,94.4510,0.0000,0.0000,0,136.8390,-4.5365,0.0000
3955,1,0,20.2303,321.4350,97.4649,0.0000,0.0000,0,136.9170,-4.5366,0.0000
3956,1,0,19.6230,302.4270,95.9342,0.0000,0.0000,0,135.1110,-4.5440,0.0000
3957,1,0,19.7323,305.8070,97.6923,0.0000,0.0000,0,135.1890,-4.5436,0.0000
3958,1,0,20.3495,325.2360,94.0085,0.0000,0.0000,0,135.6040,-4.5423,0.0000
3959,1,0,19.9761,313.4090,98.0108,0.0000,0.0000,0,135.6820,-4.5416,0.0000
3960,1,0,21.0893,349.3120,96.4854,0.0000,0.0000,0,136.0970,-4.5398,0.0000
3961,1,0,20.9742,345.5110,95.2496,0.0000,0.0000,0,136.1750,-4.5393,0.0000
3962,1,0,20.3627,325.6590,95.3286,0.0000,0.0000,0,136.5920,-4.5379,0.0000
3963,1,0,20.2170,321.0120,95.9726,0.0000,0.0000,0,136.6700,-4.5372,0.0000
3964,1,0,20.4418,328.1930,95.8466,0.0000,0.0000,0,137.0190,-4.5362,0.0000
3965,1,0,20.1504,318.9010,96.4581,0.0000,0.0000,0,137.0970,-4.5355,0.0000
4027,1,0,21.1402,351.0020,97.3007,0.0000,0.0000,0,135.8900,-4.5514,0.0000
4028,1,0,20.2966,323.5470,98.1243,0.0000,0.0000,0,136.3840,-4.5486,0.0000
4034,1,0,20.2170,321.0120,96.8124,0.0000,0.0000,0,134.7370,-4.5716,0.0000
4040,1,0,19.7187,305.3840,95.6939,0.0000,0.0000,0,135.2340,-4.5727,0.0000
4041,1,0,19.9492,312.5650,97.3390,0.0000,0.0000,0,135.3120,-4.5722,0.0000
4042,1,0,19.7323,305.8070,93.8702,0.0000,0.0000,0,135.4810,-4.5714,0.0000
4043,1,0,19.8817,310.4530,96.4572,0.0000,0.0000,0,135.5590,-4.5710,0.0000
4044,1,0,20.0433,315.5210,91.8742,0.0000,0.0000,0,135.7270,-4.5705,0.0000
4045,1,0,20.0433,315.5210,88.8050,0.0000,0.0000,0,135.8060,-4.5704,0.0000
4046,1,0,20.9614,345.0880,95.0227,0.0000,0.0000,0,135.9740,-4.5690,0.0000
4047,1,0,20.7032,336.6410,91.5025,0.0000,0.0000,0,136.0520,-4.5685,0.0000
4048,1,0,20.3495,325.2360,96.1054,0.0000,0.0000,0,136.2210,-4.5681,0.0000
4049,1,0,20.2834,323.1240,92.4507,0.0000,0.0000,0,136.2990,-4.5679,0.0000
4050,1,0,20.7032,336.6410,95.0046,0.0000,0.0000,0,136.4680,-4.5671,0.0000
4051,1,0,20.3891,326.5030,98.1332,0.0000,0.0000,0,136.5460,-4.5666,0.0000
4052,1,0,20.5206,330.7270,97.8668,0.0000,0.0000,0,136.7150,-4.5663,0.0000
4053,1,0,20.7940,339.5970,95.7606,0.0000,0.0000,0,136.7940,-4.5659,0.0000
4054,1,0,20.5075,330.3050,91.4565,0.0000,0.0000,0,137.1430,-4.5644,0.0000
4083,1,0,19.8952,310.8750,91.6168,0.0000,0.0000,0,134.8750,-4.5773,0.0000
4120,1,0,19.7732,307.0740,91.5925,0.0000,0.0000,0,135.1500,-4.5966,0.0000
4121,1,0,20.5075,330.3050,96.1215,0.0000,0.0000,0,136.8780,-4.5898,0.0000
4122,1,0,20.3231,324.3920,97.3680,0.0000,0.0000,0,137.0580,-4.5887,0.0000
4133,1,0,20.2435,321.8570,97.2499,0.0000,0.0000,0,134.9740,-4.5991,0.0000
4147,1,0,20.6121,333.6840,94.0913,0.0000,0.0000,0,136.7940,-4.6140,0.0000
4149,1,0,20.0567,315.9440,95.1417,0.0000,0.0000,0,135.2350,-4.6206,0.0000
4150,1,0,20.1103,317.6330,95.4596,0.0000,0.0000,0,135.3120,-4.6202,0.0000
4151,1,0,19.8952,310.8750,93.6431,0.0000,0.0000,0,135.4810,-4.6192,0.0000
4152,1,0,19.8681,310.0300,94.6413,0.0000,0.0000,0,135.5590,-4.6194,0.0000
4153,1,0,19.8139,308.3410,94.3759,0.0000,0.0000,0,135.7280,-4.6187,0.0000
4154,1,0,20.7032,336.6410,92.2243,0.0000,0.0000,0,135.8060,-4.6183,0.0000
4155,1,0,20.6252,334.1060,97.1640,0.0000,0.0000,0,135.9750,-4.6168,0.0000
4156,1,0,20.6252,334.1060,97.4085,0.0000,0.0000,0,136.0520,-4.6166,0.0000
4157,1,0,20.1637,319.3230,99.4099,0.0000,0.0000,0,136.2210,-4.6160,0.0000
4158,1,0,20.2701,322.7020,95.7290,0.0000,0.0000,0,136.2990,-4.6159,0.0000
4159,1,0,20.7422,337.9080,97.1136,0.0000,0.0000,0,136.4680,-4.6152,0.0000
4160,1,0,20.4813,329.4600,93.3499,0.0000,0.0000,0,136.5460,-4.6148,0.0000
4161,1,0,20.5991,333.2620,91.0070,0.0000,0.0000,0,136.7150,-4.6141,0.0000
4162,1,0,19.9492,312.5650,96.1561,0.0000,0.0000,0,137.1430,-4.6130,0.0000
4220,1,0,20.4023,326.9260,98.2581,0.0000,0.0000,0,135.0130,-4.6376,0.0000
4221,1,0,19.8681,310.0300,96.2608,0.0000,0.0000,0,135.6440,-4.6375,0.0000
4222,1,0,20.7551,338.3300,98.0207,0.0000,0.0000,0,136.1370,-4.6354,0.0000
4223,1,0,20.1504,318.9010,95.9569,0.0000,0.0000,0,136.6310,-4.6330,0.0000
4235,1,0,19.8952,310.8750,94.9379,0.0000,0.0000,0,135.1120,-4.6498,0.0000
4236,1,0,20.0433,315.5210,98.5667,0.0000,0.0000,0,135.1900,-4.6496,0.0000
4237,1,0,19.9896,313.8320,93.2424,0.0000,0.0000,0,135.3580,-4.6486,0.0000
4238,1,0,19.9492,312.5650,94.2331,0.0000,0.0000,0,135.4360,-4.6484,0.0000
4239,1,0,20.4681,329.0380,93.9283,0.0000,0.0000,0,135.8520,-4.6473,0.0000
4240,1,0,20.7551,338.3300,93.7009,0.0000,0.0000,0,135.9290,-4.6470,0.0000
4241,1,0,21.2923,356.0700,95.6726,0.0000,0.0000,0,136.3460,-4.6445,0.0000
4242,1,0,20.8327,340.8650,96.3698,0.0000,0.0000,0,136.4230,-4.6443,0.0000
4243,1,0,20.7162,337.0630,95.7779,0.0000,0.0000,0,136.8390,-4.6428,0.0000
4244,1,0,20.8843,342.5540,97.1003,0.0000,0.0000,0,136.9180,-4.6426,0.0000
4245,1,0,20.4813,329.4600,94.8494,0.0000,0.0000,0,137.0190,-4.6424,0.0000
4246,1,0,20.5337,331.1500,95.8801,0.0000,0.0000,0,137.0980,-4.6418,0.0000
4293,1,0,20.3231,324.3920,98.3554,0.0000,0.0000,0,135.2350,-4.6733,0.0000
4294,1,0,20.5337,331.1500,97.4251,0.0000,0.0000,0,136.7940,-4.6670,0.0000
4295,1,0,20.0969,317.2110,89.0346,0.0000,0.0000,0,137.1430,-4.6659,0.0000
4307,1,0,20.0433,315.5210,98.1718,0.0000,0.0000,0,134.9750,-4.6767,0.0000
4321,1,0,20.3363,324.8140,90.7341,0.0000,0.0000,0,134.8750,-4.6996,0.0000
4322,1,0,19.4993,298.6260,95.0878,0.0000,0.0000,0,135.1110,-4.6976,0.0000
4323,1,0,19.8952,310.8750,97.3288,0.0000,0.0000,0,135.1900,-4.6974,0.0000
4324,1,0,19.9896,313.8320,98.7542,0.0000,0.0000,0,135.3580,-4.6968,0.0000
4325,1,0,19.7596,306.6510,92.9589,0.0000,0.0000,0,135.4360,-4.6967,0.0000
4326,1,0,21.0510,348.0450,97.0107,0.0000,0.0000,0,135.8520,-4.6950,0.0000
4327,1,0,20.6121,333.6840,92.3928,0.0000,0.0000,0,135.9300,-4.6949,0.0000
4328,1,0,20.7940,339.5970,93.8886,0.0000,0.0000,0,136.3450,-4.6928,0.0000
4329,1,0,20.8843,342.5540,96.1150,0.0000,0.0000,0,136.4230,-4.6925,0.0000
4330,1,0,20.4287,327.7710,97.2224,0.0000,0.0000,0,136.8390,-4.6909,0.0000
4331,1,0,20.3891,326.5030,93.8189,0.0000,0.0000,0,136.9180,-4.6906,0.0000
4332,1,0,20.4155,327.3480,95.6854,0.0000,0.0000,0,137.0200,-4.6898,0.0000
4333,1,0,20.8327,340.8650,93.2414,0.0000,0.0000,0,137.0980,-4.6900,0.0000
4395,1,0,20.4418,328.1930,94.5961,0.0000,0.0000,0,134.7370,-4.7067,0.0000
4396,1,0,20.0030,314.2540,96.3315,0.0000,0.0000,0,135.6440,-4.7063,0.0000
4397,1,0,20.5075,330.3050,96.3226,0.0000,0.0000,0,136.1370,-4.7041,0.0000
4398,1,0,20.2834,323.1240,93.0770,0.0000,0.0000,0,136.6320,-4.7019,0.0000
4410,1,0,19.7051,304.9620,97.9252,0.0000,0.0000,0,135.2350,-4.7262,0.0000
4411,1,0,19.7868,307.4960,97.5247,0.0000,0.0000,0,135.3130,-4.7263,0.0000
4412,1,0,19.9492,312.5650,95.3200,0.0000,0.0000,0,135.4820,-4.7253,0.0000
4413,1,0,20.7940,339.5970,93.7206,0.0000,0.0000,0,136.0530,-4.7226,0.0000
4414,1,0,20.0701,316.3660,98.9181,0.0000,0.0000,0,136.2220,-4.7221,0.0000
4415,1,0,20.7292,337.4850,95.5132,0.0000,0.0000,0,136.3000,-4.7217,0.0000
4416,1,0,20.4550,328.6150,94.0245,0.0000,0.0000,0,136.4690,-4.7209,0.0000
4417,1,0,20.2834,323.1240,94.4342,0.0000,0.0000,0,136.7160,-4.7205,0.0000
4418,1,0,20.7681,338.7530,96.7218,0.0000,0.0000,0,136.7940,-4.7199,0.0000
4419,1,0,20.8456,341.2870,90.8576,0.0000,0.0000,0,137.1430,-4.7186,0.0000
4429,1,0,19.9896,313.8320,95.8750,0.0000,0.0000,0,135.5600,-4.7254,0.0000
4430,1,0,19.7596,306.6510,94.4160,0.0000,0.0000,0,135.7280,-4.7249,0.0000
4431,1,0,20.4287,327.7710,91.2629,0.0000,0.0000,0,135.8070,-4.7243,0.0000
4432,1,0,20.7032,336.6410,95.3870,0.0000,0.0000,0,135.9750,-4.7233,0.0000
4433,1,0,20.7292,337.4850,95.2956,0.0000,0.0000,0,136.5470,-4.7210,0.0000
4454,1,0,20.1637,319.3230,95.5755,0.0000,0.0000,0,134.8360,-4.7388,0.0000
4455,1,0,21.2544,354.8030,96.1432,0.0000,0.0000,0,134.9140,-4.7381,0.0000
4459,1,0,20.2701,322.7020,93.8291,0.0000,0.0000,0,136.8790,-4.7389,0.0000
4483,1,0,19.9896,313.8320,96.4831,0.0000,0.0000,0,135.1510,-4.7506,0.0000
4484,1,0,20.2966,323.5470,89.9567,0.0000,0.0000,0,137.0590,-4.7432,0.0000
4520,1,0,20.0835,316.7890,96.2626,0.0000,0.0000,0,135.2360,-4.7745,0.0000
4521,1,0,19.4993,298.6260,96.2001,0.0000,0.0000,0,135.3130,-4.7741,0.0000
4522,1,0,20.1370,318.4780,94.0264,0.0000,0.0000,0,135.4820,-4.7733,0.0000
4523,1,0,20.3759,326.0810,94.4645,0.0000,0.0000,0,135.5600,-4.7730,0.0000
4524,1,0,19.9087,311.2980,96.6796,0.0000,0.0000,0,135.7290,-4.7727,0.0000
4525,1,0,20.1770,319.7450,93.1026,0.0000,0.0000,0,135.8070,-4.7720,0.0000
4526,1,0,20.4155,327.3480,95.7298,0.0000,0.0000,0,135.9750,-4.7712,0.0000
4527,1,0,20.7681,338.7530,98.3188,0.0000,0.0000,0,136.0530,-4.7710,0.0000
4528,1,0,20.8714,342.1320,96.8982,0.0000,0.0000,0,136.2220,-4.7701,0.0000
4529,1,0,20.6772,335.7960,92.9839,0.0000,0.0000,0,136.3000,-4.7698,0.0000
4530,1,0,20.6902,336.2180,97.7733,0.0000,0.0000,0,136.4690,-4.7693,0.0000
4531,1,0,20.2170,321.0120,94.9272,0.0000,0.0000,0,136.5470,-4.7687,0.0000
4532,1,0,20.5599,331.9940,92.7814,0.0000,0.0000,0,136.7160,-4.7682,0.0000
4533,1,0,20.4418,328.1930,94.6278,0.0000,0.0000,0,136.7940,-4.7679,0.0000
4534,1,0,20.1903,320.1680,95.6924,0.0000,0.0000,0,137.1440,-4.7669,0.0000
4557,1,0,20.1637,319.3230,96.4269,0.0000,0.0000,0,134.8750,-4.7775,0.0000
4594,1,0,20.5206,330.7270,91.8419,0.0000,0.0000,0,134.7370,-4.7844,0.0000
4596,1,0,19.9896,313.8320,95.1020,0.0000,0.0000,0,136.3850,-4.7885,0.0000
4599,1,0,20.0835,316.7890,93.7004,0.0000,0.0000,0,135.3980,-4.7927,0.0000
4600,1,0,20.5991,333.2620,98.4812,0.0000,0.0000,0,135.8910,-4.7904,0.0000
4606,1,0,19.6230,302.4270,92.6758,0.0000,0.0000,0,134.9750,-4.7990,0.0000
4609,1,0,19.5819,301.1600,97.2344,0.0000,0.0000,0,135.1120,-4.8038,0.0000
4610,1,0,19.9492,312.5650,92.8782,0.0000,0.0000,0,135.1900,-4.8036,0.0000
4611,1,0,20.5468,331.5720,98.4731,0.0000,0.0000,0,136.1770,-4.7992,0.0000
4612,1,0,21.1148,350.1570,96.3195,0.0000,0.0000,0,136.5930,-4.7974,0.0000
4613,1,0,20.8456,341.2870,95.5910,0.0000,0.0000,0,136.6710,-4.7973,0.0000
4614,1,0,20.9229,343.8210,92.7103,0.0000,0.0000,0,136.8400,-4.7966,0.0000
4615,1,0,19.9222,311.7200,93.3300,0.0000,0.0000,0,136.9180,-4.7969,0.0000
4616,1,0,20.1903,320.1680,94.8857,0.0000,0.0000,0,137.0200,-4.7964,0.0000
4617,1,0,21.2164,353.5360,87.9162,0.0000,0.0000,0,137.0990,-4.7961,0.0000
4621,1,0,19.9222,311.7200,96.0152,0.0000,0.0000,0,135.6050,-4.8017,0.0000
4622,1,0,19.8275,308.7630,96.3571,0.0000,0.0000,0,135.6830,-4.8015,0.0000
4623,1,0,20.9870,345.9330,97.0354,0.0000,0.0000,0,136.0980,-4.7996,0.0000
4653,1,0,20.0835,316.7890,94.5180,0.0000,0.0000,0,135.2360,-4.8273,0.0000
4654,1,0,20.6512,334.9510,93.5901,0.0000,0.0000,0,137.1440,-4.8195,0.0000
4675,1,0,20.1637,319.3230,93.3735,0.0000,0.0000,0,134.7380,-4.8328,0.0000
4678,1,0,19.8817,310.4530,94.4925,0.0000,0.0000,0,135.0150,-4.8379,0.0000
4689,1,0,19.9222,311.7200,90.1180,0.0000,0.0000,0,135.1120,-4.8519,0.0000
4690,1,0,19.8139,308.3410,97.5043,0.0000,0.0000,0,135.1910,-4.8516,0.0000
4691,1,0,20.1236,318.0560,97.8312,0.0000,0.0000,0,135.6060,-4.8501,0.0000
4692,1,0,19.8952,310.8750,92.2550,0.0000,0.0000,0,135.6840,-4.8497,0.0000
4693,1,0,20.9614,345.0880,98.2441,0.0000,0.0000,0,136.0990,-4.8478,0.0000
4694,1,0,20.4418,328.1930,94.9454,0.0000,0.0000,0,136.1770,-4.8471,0.0000
4695,1,0,20.6382,334.5290,95.7806,0.0000,0.0000,0,136.5930,-4.8457,0.0000
4696,1,0,20.6772,335.7960,94.1041,0.0000,0.0000,0,136.6710,-4.8452,0.0000
4697,1,0,20.2303,321.4350,91.6017,0.0000,0.0000,0,136.8410,-4.8450,0.0000
4698,1,0,20.6252,334.1060,98.6177,0.0000,0.0000,0,136.9180,-4.8442,0.0000
4699,1,0,20.8972,342.9760,92.5956,0.0000,0.0000,0,137.0210,-4.8443,0.0000
4700,1,0,20.0433,315.5210,95.5145,0.0000,0.0000,0,137.0990,-4.8438,0.0000
4762,1,0,19.5681,300.7380,88.4372,0.0000,0.0000,0,135.3980,-4.8606,0.0000
4763,1,0,20.6902,336.2180,96.2781,0.0000,0.0000,0,135.8920,-4.8592,0.0000
4764,1,0,20.6252,334.1060,95.6193,0.0000,0.0000,0,136.3850,-4.8568,0.0000
4776,1,0,19.4717,297.7810,96.9372,0.0000,0.0000,0,134.9760,-4.8772,0.0000
4778,1,0,20.8714,342.1320,95.7939,0.0000,0.0000,0,136.4700,-4.8753,0.0000
4779,1,0,20.6252,334.1060,97.0607,0.0000,0.0000,0,136.7160,-4.8747,0.0000
4780,1,0,20.2966,323.5470,94.6272,0.0000,0.0000,0,136.7950,-4.8740,0.0000
4781,1,0,20.0567,315.9440,84.1710,0.0000,0.0000,0,137.1440,-4.8727,0.0000
4786,1,0,19.7868,307.4960,97.0681,0.0000,0.0000,0,135.2360,-4.8804,0.0000
4787,1,0,19.7187,305.3840,93.3422,0.0000,0.0000,0,135.3140,-4.8799,0.0000
4788,1,0,20.0433,315.5210,93.9766,0.0000,0.0000,0,135.4830,-4.8795,0.0000
4789,1,0,20.3759,326.0810,93.1477,0.0000,0.0000,0,135.5600,-4.8793,0.0000
4790,1,0,20.2170,321.0120,91.6066,0.0000,0.0000,0,135.7290,-4.8785,0.0000
4791,1,0,19.7732,307.0740,93.2617,0.0000,0.0000,0,135.8070,-4.8780,0.0000
4792,1,0,20.6121,333.6840,92.0672,0.0000,0.0000,0,135.9760,-4.8771,0.0000
4793,1,0,21.0126,346.7780,95.5694,0.0000,0.0000,0,136.0540,-4.8767,0.0000
4794,1,0,20.7162,337.0630,94.4464,0.0000,0.0000,0,136.2220,-4.8760,0.0000
4795,1,0,20.3099,323.9690,93.3444,0.0000,0.0000,0,136.3000,-4.8760,0.0000
4796,1,0,20.6772,335.7960,95.6680,0.0000,0.0000,0,136.5470,-4.8751,0.0000
4826,1,0,20.2170,321.0120,95.2134,0.0000,0.0000,0,134.8760,-4.8996,0.0000
4839,1,0,19.8004,307.9180,91.5848,0.0000,0.0000,0,135.1520,-4.9042,0.0000
4840,1,0,20.2435,321.8570,95.2131,0.0000,0.0000,0,137.0600,-4.8970,0.0000
4874,1,0,20.4287,327.7710,91.4045,0.0000,0.0000,0,134.7380,-4.9104,0.0000
4876,1,0,20.3495,325.2360,91.6447,0.0000,0.0000,0,136.8790,-4.9027,0.0000
4888,1,0,19.8681,310.0300,92.4959,0.0000,0.0000,0,135.2360,-4.9283,0.0000
4889,1,0,19.7051,304.9620,93.3643,0.0000,0.0000,0,135.3140,-4.9281,0.0000
4890,1,0,20.3495,325.2360,93.6160,0.0000,0.0000,0,135.4830,-4.9272,0.0000
4891,1,0,19.9896,313.8320,98.2343,0.0000,0.0000,0,135.5610,-4.9268,0.0000
4892,1,0,19.5406,299.8930,95.4810,0.0000,0.0000,0,135.7290,-4.9267,0.0000
4893,1,0,20.4023,326.9260,99.4716,0.0000,0.0000,0,135.9760,-4.9252,0.0000
4894,1,0,20.0701,316.3660,91.9142,0.0000,0.0000,0,136.0530,-4.9248,0.0000
4895,1,0,20.3363,324.8140,96.0668,0.0000,0.0000,0,136.2230,-4.9246,0.0000
4896,1,0,20.6252,334.1060,97.7308,0.0000,0.0000,0,136.3010,-4.9239,0.0000
4897,1,0,20.8843,342.5540,96.7263,0.0000,0.0000,0,136.4700,-4.9232,0.0000
4898,1,0,20.6642,335.3740,94.7485,0.0000,0.0000,0,136.5480,-4.9227,0.0000
4899,1,0,19.8275,308.7630,98.8281,0.0000,0.0000,0,136.7170,-4.9226,0.0000
4900,1,0,20.8069,340.0200,93.5972,0.0000,0.0000,0,136.7950,-4.9219,0.0000
4901,1,0,20.1770,319.7450,96.3725,0.0000,0.0000,0,137.1440,-4.9209,0.0000
4917,1,0,19.7323,305.8070,94.0950,0.0000,0.0000,0,135.8070,-4.9261,0.0000
4960,1,0,19.5406,299.8930,96.7347,0.0000,0.0000,0,134.8370,-4.9387,0.0000
4961,1,0,19.9896,313.8320,91.1755,0.0000,0.0000,0,134.9140,-4.9381,0.0000
4964,1,0,19.8952,310.8750,93.3193,0.0000,0.0000,0,136.6320,-4.9415,0.0000
4965,1,0,19.9087,311.2980,93.6548,0.0000,0.0000,0,135.6450,-4.9454,0.0000
4966,1,0,20.0835,316.7890,97.7445,0.0000,0.0000,0,136.1380,-4.9432,0.0000
4973,1,0,20.6121,333.6840,89.1587,0.0000,0.0000,0,134.7380,-4.9585,0.0000
4974,1,0,20.3495,325.2360,97.3534,0.0000,0.0000,0,136.8410,-4.9507,0.0000
4975,1,0,20.4813,329.4600,91.3281,0.0000,0.0000,0,136.9190,-4.9506,0.0000
4976,1,0,20.2303,321.4350,92.3692,0.0000,0.0000,0,137.0210,-4.9501,0.0000
4977,1,0,20.3495,325.2360,95.0589,0.0000,0.0000,0,137.0990,-4.9499,0.0000
4984,1,0,19.9627,312.9870,91.2985,0.0000,0.0000,0,135.1130,-4.9574,0.0000
4985,1,0,19.7460,306.2290,90.2769,0.0000,0.0000,0,135.1910,-4.9576,0.0000
4986,1,0,19.9627,312.9870,95.3290,0.0000,0.0000,0,135.3590,-4.9570,0.0000
4987,1,0,19.7460,306.2290,89.5942,0.0000,0.0000,0,135.4380,-4.9565,0.0000
4988,1,0,20.3099,323.9690,96.6571,0.0000,0.0000,0,135.8530,-4.9549,0.0000
4989,1,0,20.5991,333.2620,96.5894,0.0000,0.0000,0,135.9310,-4.9549,0.0000
4990,1,0,20.8198,340.4420,95.3283,0.0000,0.0000,0,136.3460,-4.9525,0.0000
4991,1,0,20.6512,334.9510,97.5963,0.0000,0.0000,0,136.4250,-4.9523,0.0000
5011,1,0,20.0567,315.9440,99.2532,0.0000,0.0000,0,134.8760,-4.9772,0.0000
5018,1,0,19.4164,296.0920,86.8871,0.0000,0.0000,0,135.2360,-4.9815,0.0000
5019,1,0,20.1637,319.3230,96.6725,0.0000,0.0000,0,136.7960,-4.9753,0.0000
5020,1,0,20.4681,329.0380,96.5788,0.0000,0.0000,0,137.1450,-4.9737,0.0000
5060,1,0,20.1637,319.3230,93.1275,0.0000,0.0000,0,134.9760,-4.9993,0.0000
5062,1,0,19.7868,307.4960,94.7425,0.0000,0.0000,0,135.1130,-5.0058,0.0000
5063,1,0,20.0030,314.2540,98.9761,0.0000,0.0000,0,135.1910,-5.0053,0.0000
5064,1,0,20.0969,317.2110,95.6076,0.0000,0.0000,0,135.3600,-5.0047,0.0000
5065,1,0,19.9896,313.8320,96.5260,0.0000,0.0000,0,135.4370,-5.0045,0.0000
5066,1,0,20.6382,334.5290,99.6192,0.0000,0.0000,0,136.3470,-5.0008,0.0000
5067,1,0,20.5075,330.3050,92.0265,0.0000,0.0000,0,136.8410,-4.9987,0.0000
5068,1,0,20.3363,324.8140,92.1453,0.0000,0.0000,0,136.9190,-4.9988,0.0000
5069,1,0,20.3627,325.6590,97.5176,0.0000,0.0000,0,137.0210,-4.9982,0.0000
5070,1,0,19.9222,311.7200,94.2079,0.0000,0.0000,0,137.0990,-4.9979,0.0000
5077,1,0,20.1103,317.6330,87.4359,0.0000,0.0000,0,135.8530,-5.0026,0.0000
5078,1,0,20.8585,341.7090,96.8333,0.0000,0.0000,0,135.9310,-5.0028,0.0000
5079,1,0,20.2834,323.1240,92.7705,0.0000,0.0000,0,136.4240,-5.0003,0.0000
5134,1,0,20.2834,323.1240,98.3604,0.0000,0.0000,0,136.6330,-5.0100,0.0000
5137,1,0,20.0299,315.0990,95.5233,0.0000,0.0000,0,135.6460,-5.0138,0.0000
5138,1,0,20.4155,327.3480,98.8185,0.0000,0.0000,0,136.1390,-5.0118,0.0000
5147,1,0,20.4287,327.7710,98.0428,0.0000,0.0000,0,136.7170,-5.0282,0.0000
5148,1,0,20.6121,333.6840,94.8430,0.0000,0.0000,0,136.7950,-5.0284,0.0000
5149,1,0,20.0165,314.6770,92.5929,0.0000,0.0000,0,137.1450,-5.0270,0.0000
5154,1,0,20.1770,319.7450,94.9248,0.0000,0.0000,0,134.7380,-5.0365,0.0000
5155,1,0,20.2435,321.8570,91.2172,0.0000,0.0000,0,135.2370,-5.0343,0.0000
5156,1,0,19.7051,304.9620,93.6823,0.0000,0.0000,0,135.3140,-5.0339,0.0000
5157,1,0,19.5819,301.1600,94.6555,0.0000,0.0000,0,135.4830,-5.0335,0.0000
5158,1,0,19.9357,312.1420,92.0313,0.0000,0.0000,0,135.5610,-5.0331,0.0000
5159,1,0,20.0165,314.6770,93.8648,0.0000,0.0000,0,135.7300,-5.0325,0.0000
5160,1,0,19.9761,313.4090,95.6218,0.0000,0.0000,0,135.8080,-5.0323,0.0000
5161,1,0,20.6121,333.6840,95.1670,0.0000,0.0000,0,135.9760,-5.0310,0.0000
5162,1,0,20.3891,326.5030,98.8665,0.0000,0.0000,0,136.0540,-5.0308,0.0000
5163,1,0,20.5075,330.3050,98.0076,0.0000,0.0000,0,136.2230,-5.0304,0.0000
5164,1,0,20.5206,330.7270,94.0207,0.0000,0.0000,0,136.3010,-5.0301,0.0000
5165,1,0,20.8069,340.0200,93.7399,0.0000,0.0000,0,136.4700,-5.0293,0.0000
5166,1,0,20.3759,326.0810,97.8187,0.0000,0.0000,0,136.5490,-5.0290,0.0000
5193,1,0,20.2834,323.1240,90.1400,0.0000,0.0000,0,134.9370,-5.0382,0.0000
5194,1,0,20.4023,326.9260,93.4433,0.0000,0.0000,0,135.0150,-5.0380,0.0000
5197,1,0,19.6777,304.1170,94.4498,0.0000,0.0000,0,135.1530,-5.0534,0.0000
5198,1,0,20.2834,323.1240,93.0368,0.0000,0.0000,0,137.0600,-5.0459,0.0000
5204,1,0,20.1370,318.4780,93.0016,0.0000,0.0000,0,136.8800,-5.0516,0.0000
5245,1,0,19.8275,308.7630,92.1722,0.0000,0.0000,0,134.9760,-5.0771,0.0000
5256,1,0,19.7596,306.6510,93.5970,0.0000,0.0000,0,135.2370,-5.0821,0.0000
5257,1,0,19.9492,312.5650,92.8679,0.0000,0.0000,0,135.3150,-5.0818,0.0000
5258,1,0,19.8139,308.3410,93.1243,0.0000,0.0000,0,135.4840,-5.0812,0.0000
5259,1,0,20.3363,324.8140,94.5418,0.0000,0.0000,0,135.5610,-5.0809,0.0000
5260,1,0,19.8952,310.8750,93.8547,0.0000,0.0000,0,135.7300,-5.0802,0.0000
5261,1,0,20.0835,316.7890,95.9314,0.0000,0.0000,0,135.8080,-5.0802,0.0000
5262,1,0,20.3231,324.3920,92.2500,0.0000,0.0000,0,136.0540,-5.0785,0.0000
5263,1,0,20.2966,323.5470,94.3946,0.0000,0.0000,0,136.3010,-5.0780,0.0000
5264,1,0,20.5075,330.3050,97.6475,0.0000,0.0000,0,136.5480,-5.0767,0.0000
5265,1,0,20.3627,325.6590,96.3218,0.0000,0.0000,0,136.7180,-5.0762,0.0000
5266,1,0,20.6382,334.5290,93.2128,0.0000,0.0000,0,136.7960,-5.0757,0.0000
5267,1,0,20.9998,346.3560,96.1527,0.0000,0.0000,0,137.1450,-5.0750,0.0000
5277,1,0,20.9742,345.5110,98.4703,0.0000,0.0000,0,135.9770,-5.0789,0.0000
5278,1,0,20.4023,326.9260,98.2217,0.0000,0.0000,0,136.2240,-5.0783,0.0000
5279,1,0,20.9998,346.3560,93.3771,0.0000,0.0000,0,136.4710,-5.0774,0.0000
5298,1,0,20.5206,330.7270,92.5513,0.0000,0.0000,0,134.7390,-5.0865,0.0000
5332,1,0,19.7732,307.0740,94.0289,0.0000,0.0000,0,134.8770,-5.0996,0.0000
5334,1,0,19.8952,310.8750,95.2633,0.0000,0.0000,0,135.3990,-5.1004,0.0000
5335,1,0,20.9998,346.3560,94.9132,0.0000,0.0000,0,135.8920,-5.0987,0.0000
5336,1,0,20.6642,335.3740,87.4435,0.0000,0.0000,0,136.3860,-5.0964,0.0000
5343,1,0,20.0969,317.2110,89.6917,0.0000,0.0000,0,136.6730,-5.1057,0.0000
5344,1,0,20.6642,335.3740,91.7515,0.0000,0.0000,0,136.8410,-5.1048,0.0000
5348,1,0,19.8952,310.8750,93.6888,0.0000,0.0000,0,135.1130,-5.1115,0.0000
5349,1,0,20.0299,315.0990,94.4013,0.0000,0.0000,0,135.1920,-5.1115,0.0000
5350,1,0,20.1504,318.9010,90.0426,0.0000,0.0000,0,135.6070,-5.1096,0.0000
5351,1,0,19.6914,304.5390,95.8118,0.0000,0.0000,0,135.6850,-5.1093,0.0000
5352,1,0,20.6512,334.9510,93.8731,0.0000,0.0000,0,136.1000,-5.1075,0.0000
5353,1,0,20.3363,324.8140,99.1297,0.0000,0.0000,0,136.1780,-5.1075,0.0000
5354,1,0,20.6252,334.1060,94.5045,0.0000,0.0000,0,136.5940,-5.1061,0.0000
5355,1,0,20.6382,334.5290,90.1768,0.0000,0.0000,0,136.9200,-5.1047,0.0000
5356,1,0,20.6382,334.5290,92.2347,0.0000,0.0000,0,137.0210,-5.1043,0.0000
5357,1,0,20.8714,342.1320,91.4054,0.0000,0.0000,0,137.1000,-5.1044,0.0000
5376,1,0,20.5337,331.1500,93.6742,0.0000,0.0000,0,136.7960,-5.1293,0.0000
5407,1,0,19.9357,312.1420,91.8079,0.0000,0.0000,0,134.8380,-5.1387,0.0000
5408,1,0,19.8411,309.1860,95.1532,0.0000,0.0000,0,134.9160,-5.1382,0.0000
5423,1,0,20.0030,314.2540,93.0234,0.0000,0.0000,0,135.1140,-5.1595,0.0000
5424,1,0,19.8275,308.7630,89.0036,0.0000,0.0000,0,135.1920,-5.1596,0.0000
5425,1,0,20.5599,331.9940,98.5140,0.0000,0.0000,0,136.5940,-5.1536,0.0000
5426,1,0,20.4681,329.0380,94.7803,0.0000,0.0000,0,136.6730,-5.1537,0.0000
5427,1,0,20.7032,336.6410,91.5523,0.0000,0.0000,0,136.8420,-5.1525,0.0000
5428,1,0,20.5860,332.8390,92.6400,0.0000,0.0000,0,136.9200,-5.1525,0.0000
5429,1,0,20.3759,326.0810,96.6565,0.0000,0.0000,0,137.0220,-5.1525,0.0000
5430,1,0,20.7810,339.1750,96.5517,0.0000,0.0000,0,137.1000,-5.1521,0.0000
5433,1,0,19.8004,307.9180,94.4222,0.0000,0.0000,0,135.6070,-5.1578,0.0000
5434,1,0,20.2568,322.2800,96.1666,0.0000,0.0000,0,135.6850,-5.1573,0.0000
5435,1,0,20.9229,343.8210,96.4447,0.0000,0.0000,0,136.1010,-5.1554,0.0000
5436,1,0,20.1637,319.3230,87.9094,0.0000,0.0000,0,136.1780,-5.1553,0.0000
5454,1,0,20.4155,327.3480,91.5658,0.0000,0.0000,0,134.7390,-5.1647,0.0000
5497,1,0,19.9222,311.7200,95.9874,0.0000,0.0000,0,135.4000,-5.1687,0.0000
5498,1,0,20.9357,344.2440,99.2444,0.0000,0.0000,0,135.8930,-5.1672,0.0000
5499,1,0,20.9357,344.2440,95.0647,0.0000,0.0000,0,136.3870,-5.1649,0.0000
5506,1,0,19.7596,306.6510,96.5040,0.0000,0.0000,0,134.8770,-5.1770,0.0000
5511,1,0,19.6504,303.2720,94.5197,0.0000,0.0000,0,135.2370,-5.1882,0.0000
5512,1,0,19.8952,310.8750,95.9547,0.0000,0.0000,0,135.3150,-5.1883,0.0000
5513,1,0,20.0701,316.3660,93.5050,0.0000,0.0000,0,135.4840,-5.1874,0.0000
5514,1,0,19.8952,310.8750,93.7767,0.0000,0.0000,0,135.5620,-5.1869,0.0000
5515,1,0,20.4813,329.4600,94.0784,0.0000,0.0000,0,135.7300,-5.1864,0.0000
5516,1,0,19.8681,310.0300,94.5012,0.0000,0.0000,0,135.8090,-5.1866,0.0000
5517,1,0,21.1020,349.7350,92.2045,0.0000,0.0000,0,135.9770,-5.1852,0.0000
5518,1,0,20.7940,339.5970,92.0266,0.0000,0.0000,0,136.0550,-5.1849,0.0000
5519,1,0,20.9998,346.3560,92.0913,0.0000,0.0000,0,136.2240,-5.1839,0.0000
5520,1,0,20.1504,318.9010,93.1434,0.0000,0.0000,0,136.3020,-5.1838,0.0000
5521,1,0,20.7940,339.5970,97.3628,0.0000,0.0000,0,136.4710,-5.1829,0.0000
5522,1,0,20.6252,334.1060,90.8967,0.0000,0.0000,0,136.5490,-5.1832,0.0000
5523,1,0,20.5075,330.3050,89.7993,0.0000,0.0000,0,136.7180,-5.1823,0.0000
5524,1,0,20.6121,333.6840,92.9262,0.0000,0.0000,0,136.7960,-5.1822,0.0000
5525,1,0,20.8843,342.5540,96.0517,0.0000,0.0000,0,137.1460,-5.1811,0.0000
5556,1,0,20.1236,318.0560,93.9156,0.0000,0.0000,0,134.9770,-5.1991,0.0000
5605,1,0,20.6252,334.1060,96.6906,0.0000,0.0000,0,136.8810,-5.2059,0.0000
5608,1,0,19.9896,313.8320,95.1623,0.0000,0.0000,0,135.1530,-5.2173,0.0000
5609,1,0,20.5075,330.3050,96.9418,0.0000,0.0000,0,137.0610,-5.2104,0.0000
5620,1,0,20.7032,336.6410,93.3602,0.0000,0.0000,0,135.2370,-5.2362,0.0000
5621,1,0,20.3759,326.0810,96.5185,0.0000,0.0000,0,136.7180,-5.2309,0.0000
5622,1,0,20.3759,326.0810,93.6748,0.0000,0.0000,0,136.7960,-5.2300,0.0000
5623,1,0,20.8456,341.2870,90.6326,0.0000,0.0000,0,137.1460,-5.2289,0.0000
5626,1,0,20.1903,320.1680,92.6858,0.0000,0.0000,0,135.0160,-5.2378,0.0000
5627,1,0,19.8411,309.1860,96.5415,0.0000,0.0000,0,135.3150,-5.2359,0.0000
5628,1,0,20.1770,319.7450,93.4209,0.0000,0.0000,0,135.4840,-5.2355,0.0000
5629,1,0,19.5544,300.3160,90.9034,0.0000,0.0000,0,135.5620,-5.2350,0.0000
5630,1,0,20.2170,321.0120,95.1053,0.0000,0.0000,0,135.7310,-5.2341,0.0000
5631,1,0,20.0299,315.0990,90.0693,0.0000,0.0000,0,135.8090,-5.2344,0.0000
5632,1,0,21.2164,353.5360,97.2071,0.0000,0.0000,0,135.9770,-5.2334,0.0000
5633,1,0,20.5991,333.2620,91.7020,0.0000,0.0000,0,136.0550,-5.2331,0.0000
5634,1,0,21.0893,349.3120,92.5420,0.0000,0.0000,0,136.2240,-5.2323,0.0000
5635,1,0,20.8327,340.8650,92.7790,0.0000,0.0000,0,136.3030,-5.2318,0.0000
5636,1,0,21.2923,356.0700,95.0382,0.0000,0.0000,0,136.4710,-5.2313,0.0000
5637,1,0,20.3231,324.3920,94.3786,0.0000,0.0000,0,136.5490,-5.2313,0.0000
5696,1,0,19.5131,299.0480,92.8277,0.0000,0.0000,0,135.6460,-5.2533,0.0000
5697,1,0,21.0638,348.4670,92.0455,0.0000,0.0000,0,136.1400,-5.2516,0.0000
5698,1,0,20.6642,335.3740,98.9693,0.0000,0.0000,0,136.6340,-5.2494,0.0000
5712,1,0,20.1770,319.7450,92.7881,0.0000,0.0000,0,135.1140,-5.2655,0.0000
5713,1,0,20.0433,315.5210,92.4527,0.0000,0.0000,0,135.1930,-5.2651,0.0000
5714,1,0,20.4944,329.8820,93.3157,0.0000,0.0000,0,135.3610,-5.2648,0.0000
5715,1,0,20.1236,318.0560,96.7331,0.0000,0.0000,0,135.4390,-5.2643,0.0000
5716,1,0,20.5991,333.2620,91.4793,0.0000,0.0000,0,135.8540,-5.2631,0.0000
5717,1,0,21.0765,348.8900,95.0787,0.0000,0.0000,0,135.9320,-5.2629,0.0000
5718,1,0,20.7681,338.7530,91.8104,0.0000,0.0000,0,136.3480,-5.2607,0.0000
5719,1,0,20.2966,323.5470,97.9286,0.0000,0.0000,0,136.4260,-5.2606,0.0000
5720,1,0,20.5206,330.7270,94.2875,0.0000,0.0000,0,136.8420,-5.2591,0.0000
5721,1,0,20.3759,326.0810,95.3239,0.0000,0.0000,0,136.9200,-5.2589,0.0000
5722,1,0,20.5729,332.4170,99.0878,0.0000,0.0000,0,137.0220,-5.2582,0.0000
5723,1,0,20.5075,330.3050,92.6903,0.0000,0.0000,0,137.1010,-5.2586,0.0000
5742,1,0,20.1637,319.3230,91.7447,0.0000,0.0000,0,134.9770,-5.2773,0.0000
5744,1,0,20.8327,340.8650,89.6228,0.0000,0.0000,0,137.1460,-5.2822,0.0000
5775,1,0,20.2966,323.5470,97.0097,0.0000,0.0000,0,135.2380,-5.2893,0.0000
5776,1,0,20.6772,335.7960,95.1686,0.0000,0.0000,0,136.7970,-5.2832,0.0000
5780,1,0,20.7551,338.3300,92.5450,0.0000,0.0000,0,134.7400,-5.2993,0.0000
5781,1,0,20.6121,333.6840,92.0009,0.0000,0.0000,0,134.8780,-5.2996,0.0000
